0.512
0.480
0.497
0.484
0.532
0.505
0.510
0.458
0.470
0.495
0.500
0.477
0.455
0.522
0.507
0.474
0.480
0.525
0.462
0.471
0.523
0.480
0.517
0.492
0.554
0.502
0.565
0.500
0.500
0.505
0.434
0.480
0.483
0.563
0.482
0.543
0.460
0.512
0.536
0.520
0.480
0.538
0.513
0.508
0.462
0.457
0.467
0.519
0.527
0.435
0.530
0.424
0.468
0.533
0.532
0.442
0.520
0.518
0.468
0.534
0.487
0.527
0.495
0.510
0.545
0.481
0.545
0.583
0.497
0.424
0.552
0.463
0.562
0.470
0.541
0.460
0.500
0.557
0.520
0.500
0.465
0.408
0.476
0.502
0.508
0.554
0.500
0.479
0.483
0.459
0.495
0.503
0.533
0.517
0.512
0.543
0.508
0.505
0.455
0.527
