100 1
2095676937
2048433477
2045427075
2006057525
1966115327
1933760715
1929179531
1880933937
1835408421
1811070881
1810784557
1776855163
1750513355
1732904429
1575998877
1572992475
1563686945
1515584513
1407640365
1390604087
1386309227
1364262279
1341213197
1336775175
1267627929
1241429283
1188173019
1142933827
1110722377
1057895599
966844567
953101015
951812557
932056201
924611777
920746403
732631535
702138029
686247047
672789819
318463869
289115659
281098587
239724769
215959877
183891589
181028349
174729221
172581791
146239983
134357537
98996523
89118345
84680323
-2118368114
-2098754920
-2095032708
-2031755104
-1995391956
-1989092828
-1924813090
-1889881562
-1887590970
-1771772912
-1715510246
-1709067956
-1381513300
-1372923580
-1338421538
-1161043820
-1115375142
-1095189300
-1063836822
-938140586
-897196254
-887461238
-866845910
-787391000
-737427462
-722252290
-711944626
-687607086
-657113580
-640506788
-617887192
-494624710
-451962434
-187112734
-173798668
-159052982
-139582950
-136862872
-127271018
-113384304
-99497590
-78023290
-77593804
-71724162
-61559660
-44952868
100 97
-1523386842
-1283161006
-1019313440
-144593620
-1275000772
-1534696640
-1493036498
-82174988
-291907318
-1636198498
-53113102
-11452960
-1568196548
-1823740718
-182388388
-1516944552
-1155889988
-1605848154
-587966334
-297776960
-1757313550
-1304635306
-199281504
-1207571470
-1079870966
-1936695536
-492477280
-2029750836
-1442357150
-1702053018
-882736892
-105080908
-948018764
-1193827918
-1509070642
-1393825232
-1131409286
-1474425438
-105224070
-645517458
-235930976
-2102333970
-74873726
-348456308
-80457044
-456829942
-1688595790
-1688595790
-313811104
-476299974
784599341
33285165
2120443963
953959987
13815133
1734336049
1720449335
1359394771
1376001563
163562585
1134200945
1068919073
82962379
1697972901
1253598053
605074193
1720163011
1543787427
1085525865
1186884561
899415265
149532709
1143792799
1453452205
166139501
1156247893
853460263
89690993
1583872787
1964254221
1256031807
2073916313
647736469
521324423
1139211615
554538007
17107859
1816797361
829409047
2083365005
133641727
364132547
437717815
251607215
1033414897
40443265
1941491463
477803175
1134630431
1049878527
100 7982
-1309502814
-1536271422
-89046764
-1142862246
-2023308546
-562769822
-405005298
-958612752
-1847935096
-1692318002
-587393686
-1650085212
-1410145700
-22905920
-1299051988
-789967916
-709940358
-956751646
-216460944
-1332551896
-1835050516
-565633062
-808006328
-1401699142
-90048898
-176805070
-1121674270
-45668678
-1619734868
-1804270686
-256975790
-592690680
-708365576
-657256742
-1597687920
-1786661760
-17036278
-466135472
-1631187828
-937567938
-1726820044
-2013716692
-1173355752
-519821222
-2013859854
-753318444
-884597998
-1329259170
-1627179292
-1633907906
-922535928
-555754884
-1614008388
1329330751
2107416221
1293683413
1764972717
148673737
1527037473
775580135
266352901
688680801
786460447
1904698829
1655596949
1715581827
21402719
937353195
663770613
210233397
1715295503
2030967713
1346223867
1924168861
917024191
812515931
781306615
223261139
1136921023
1092397641
1185739265
1892673221
1552520309
418677269
229703429
116319125
1717013447
11810865
1545648533
1814649931
971998399
1612218863
1730041189
2003480609
109304187
129203705
1609785109
893831947
135645995
1396187405
0 0
