100 1
98996523
702138029
966844567
-866845910
-617887192
1929179531
-722252290
-494624710
-897196254
-1995391956
289115659
-2098754920
1057895599
-1771772912
1563686945
-1709067956
-1989092828
-187112734
-640506788
172581791
-2095032708
-2118368114
1336775175
1572992475
181028349
2045427075
-99497590
-1338421538
-139582950
-136862872
-711944626
-78023290
1810784557
1267627929
-1115375142
-1372923580
239724769
1732904429
-1381513300
-687607086
732631535
1575998877
951812557
174729221
-77593804
84680323
1341213197
672789819
-1889881562
-2031755104
1188173019
1407640365
-787391000
-938140586
-44952868
-61559660
1241429283
1390604087
-1095189300
1880933937
-127271018
-737427462
318463869
953101015
-173798668
1776855163
686247047
-1161043820
183891589
215959877
1811070881
-71724162
-451962434
2095676937
-1715510246
920746403
932056201
-887461238
-159052982
1750513355
89118345
146239983
1933760715
-1063836822
134357537
-657113580
1142933827
-1887590970
1966115327
2048433477
1364262279
2006057525
-1924813090
281098587
1110722377
1515584513
-113384304
924611777
1835408421
1386309227
100 97
-105080908
1941491463
1376001563
1085525865
1049878527
-53113102
-1823740718
2083365005
1134630431
133641727
13815133
33285165
40443265
2073916313
-645517458
1139211615
-297776960
-1442357150
-1702053018
1734336049
82962379
437717815
1134200945
554538007
1359394771
-1516944552
-80457044
-1509070642
2120443963
-348456308
-1605848154
-1688595790
-1936695536
-74873726
-1275000772
1253598053
1720163011
-1393825232
521324423
1068919073
-1534696640
251607215
-2029750836
-82174988
163562585
-948018764
-2102333970
-1688595790
-492477280
1816797361
1697972901
477803175
-1193827918
1583872787
-1131409286
166139501
-1568196548
-1474425438
-1079870966
-313811104
-456829942
1186884561
-882736892
-182388388
89690993
-144593620
364132547
1143792799
1964254221
953959987
853460263
-1019313440
-199281504
149532709
-105224070
17107859
-291907318
784599341
-1207571470
647736469
899415265
-1155889988
-1304635306
-1493036498
-1757313550
829409047
-476299974
-1636198498
1156247893
-1283161006
1720449335
1453452205
-1523386842
-11452960
-587966334
1543787427
605074193
1033414897
-235930976
1256031807
100 7982
109304187
1717013447
-937567938
-1597687920
266352901
223261139
-1142862246
-657256742
-1299051988
1396187405
21402719
-90048898
418677269
135645995
1092397641
-22905920
-2013716692
-1726820044
1715295503
1552520309
-519821222
-1619734868
1715581827
210233397
-1410145700
-1692318002
-1536271422
-1627179292
-922535928
812515931
781306615
775580135
-1121674270
-176805070
663770613
1892673221
-2023308546
-256975790
1730041189
971998399
-466135472
-958612752
-1332551896
-1847935096
-789967916
1545648533
1185739265
2030967713
1329330751
-405005298
-1329259170
-555754884
1655596949
-587393686
-216460944
1527037473
-1614008388
-89046764
-708365576
148673737
1904698829
-956751646
1814649931
937353195
-709940358
2107416221
1764972717
229703429
-808006328
-562769822
-1633907906
-592690680
-565633062
-1173355752
116319125
-1401699142
-2013859854
893831947
129203705
786460447
-17036278
-1631187828
688680801
1609785109
11810865
-1309502814
917024191
2003480609
1136921023
-753318444
-1786661760
1612218863
-884597998
-1835050516
-45668678
1924168861
-1804270686
-1650085212
1293683413
1346223867
0 0
