46940 12799 44047 27004 20473 8135
14707 43649 8374 18396 38544 28517
9482 1061 4287 747 28299 13427
4012 43216 49556 1314 7180 33213
36565 2291 57197 16857 41277 39030
31298 22683 51829 9810 49687 39534
50712 64394 17649 59086 50023 23425
54835 59505 24486 59122 27484 52785
7015 31497 30466 23803 43 4878
24248 36608 7169 15910 20697 15678
54940 51995 38361 8466 29037 55281
48001 14214 54140 32882 40532 38628
56307 29832 65366 15258 56187 27315
35275 30434 58812 32973 21469 58855
37851 12949 62695 12252 28860 17858
27930 18265 37085 33524 59499 588
23270 41965 47569 44642 9312 22567
50503 84 19631 50334 48109 43050
44881 17849 40716 5391 50822 29417
31478 55905 42367 28639 35389 5692
