18
1 2 3 4 5 6 7 8 9 10 11 12 13 15 16 17 14 18 
1 2 3 4 5 6 7 8 9 10 11 12 13 16 17 18 14 15 
1 2 3 4 5 6 7 8 9 10 11 12 13 18 14 15 16 17 
1 2 3 4 5 6 7 8 9 10 11 12 14 13 16 17 15 18 
1 2 3 4 5 6 7 8 9 10 11 12 14 15 17 18 13 16 
1 2 3 4 5 6 7 8 9 10 11 12 14 17 13 15 16 18 
1 2 3 4 5 6 7 8 9 10 11 12 14 18 15 16 13 17 
1 2 3 4 5 6 7 8 9 10 11 12 15 13 17 18 14 16 
1 2 3 4 5 6 7 8 9 10 11 12 15 16 13 14 17 18 
1 2 3 4 5 6 7 8 9 10 11 12 15 17 14 16 13 18 
1 2 3 4 5 6 7 8 9 10 11 12 15 18 16 17 13 14 
1 2 3 4 5 6 7 8 9 10 11 12 16 14 13 15 17 18 
1 2 3 4 5 6 7 8 9 10 11 12 16 15 14 17 13 18 
1 2 3 4 5 6 7 8 9 10 11 12 16 17 15 18 13 14 
1 2 3 4 5 6 7 8 9 10 11 12 17 13 14 15 16 18 
1 2 3 4 5 6 7 8 9 10 11 12 17 14 15 16 13 18 
1 2 3 4 5 6 7 8 9 10 11 12 17 15 16 18 13 14 
1 2 3 4 5 6 7 8 9 10 11 12 17 18 13 14 15 16 
1 2 3 4 5 6 7 8 9 10 11 12 18 13 15 16 14 17 
1 2 3 4 5 6 7 8 9 10 11 12 18 14 16 17 13 15 
1 2 3 4 5 6 7 8 9 10 11 12 18 16 13 14 15 17 
1 2 3 4 5 6 7 8 9 10 11 12 18 17 14 15 13 16 
1 2 3 4 5 6 7 8 9 10 11 13 12 14 17 18 15 16 
1 2 3 4 5 6 7 8 9 10 11 13 12 16 14 15 17 18 
1 2 3 4 5 6 7 8 9 10 11 13 12 17 15 16 14 18 
1 2 3 4 5 6 7 8 9 10 11 13 12 18 16 17 14 15 
1 2 3 4 5 6 7 8 9 10 11 13 14 15 12 16 17 18 
1 2 3 4 5 6 7 8 9 10 11 13 14 16 15 17 12 18 
1 2 3 4 5 6 7 8 9 10 11 13 14 17 16 18 12 15 
1 2 3 4 5 6 7 8 9 10 11 13 15 12 14 16 17 18 
1 2 3 4 5 6 7 8 9 10 11 13 15 14 16 17 12 18 
1 2 3 4 5 6 7 8 9 10 11 13 15 16 17 18 12 14 
0
22
1 2 3 4 5 6 7 8 9 10 11 12 13 14 15 16 17 21 19 20 22 18 
1 2 3 4 5 6 7 8 9 10 11 12 13 14 15 16 18 19 22 17 20 21 
1 2 3 4 5 6 7 8 9 10 11 12 13 14 15 16 19 17 18 21 22 20 
1 2 3 4 5 6 7 8 9 10 11 12 13 14 15 16 19 21 20 17 18 22 
1 2 3 4 5 6 7 8 9 10 11 12 13 14 15 16 20 18 22 19 21 17 
1 2 3 4 5 6 7 8 9 10 11 12 13 14 15 16 21 17 19 18 20 22 
1 2 3 4 5 6 7 8 9 10 11 12 13 14 15 16 21 20 19 18 22 17 
1 2 3 4 5 6 7 8 9 10 11 12 13 14 15 16 22 19 17 18 20 21 
1 2 3 4 5 6 7 8 9 10 11 12 13 14 15 17 16 18 20 21 22 19 
1 2 3 4 5 6 7 8 9 10 11 12 13 14 15 17 16 21 22 18 19 20 
1 2 3 4 5 6 7 8 9 10 11 12 13 14 15 17 18 20 16 21 22 19 
1 2 3 4 5 6 7 8 9 10 11 12 13 14 15 17 19 16 21 18 20 22 
1 2 3 4 5 6 7 8 9 10 11 12 13 14 15 17 19 21 22 18 20 16 
1 2 3 4 5 6 7 8 9 10 11 12 13 14 15 17 20 19 18 16 21 22 
1 2 3 4 5 6 7 8 9 10 11 12 13 14 15 17 21 16 20 19 22 18 
1 2 3 4 5 6 7 8 9 10 11 12 13 14 15 17 21 22 16 18 19 20 
1 2 3 4 5 6 7 8 9 10 11 12 13 14 15 17 22 19 18 20 21 16 
1 2 3 4 5 6 7 8 9 10 11 12 13 14 15 18 16 17 22 19 20 21 
1 2 3 4 5 6 7 8 9 10 11 12 13 14 15 18 16 22 17 20 21 19 
1 2 3 4 5 6 7 8 9 10 11 12 13 14 15 18 17 20 21 16 19 22 
1 2 3 4 5 6 7 8 9 10 11 12 13 14 15 18 19 16 22 20 21 17 
1 2 3 4 5 6 7 8 9 10 11 12 13 14 15 18 19 22 17 16 20 21 
1 2 3 4 5 6 7 8 9 10 11 12 13 14 15 18 20 19 21 17 22 16 
1 2 3 4 5 6 7 8 9 10 11 12 13 14 15 18 21 17 16 19 20 22 
1 2 3 4 5 6 7 8 9 10 11 12 13 14 15 18 21 22 17 19 20 16 
1 2 3 4 5 6 7 8 9 10 11 12 13 14 15 18 22 19 21 16 17 20 
1 2 3 4 5 6 7 8 9 10 11 12 13 14 15 19 16 18 17 21 22 20 
1 2 3 4 5 6 7 8 9 10 11 12 13 14 15 19 16 22 20 17 18 21 
1 2 3 4 5 6 7 8 9 10 11 12 13 14 15 19 17 20 22 18 21 16 
1 2 3 4 5 6 7 8 9 10 11 12 13 14 15 19 18 17 20 16 21 22 
1 2 3 4 5 6 7 8 9 10 11 12 13 14 15 19 18 22 20 17 21 16 
1 2 3 4 5 6 7 8 9 10 11 12 13 14 15 19 20 21 16 17 18 22 
1 2 3 4 5 6 7 8 9 10 11 12 13 14 15 19 21 17 18 20 22 16 
1 2 3 4 5 6 7 8 9 10 11 12 13 14 15 19 21 22 20 16 17 18 
1 2 3 4 5 6 7 8 9 10 11 12 13 14 15 19 22 20 16 18 21 17 
1 2 3 4 5 6 7 8 9 10 11 12 13 14 15 20 16 18 21 17 19 22 
1 2 3 4 5 6 7 8 9 10 11 12 13 14 15 20 16 22 21 18 19 17 
1 2 3 4 5 6 7 8 9 10 11 12 13 14 15 20 17 21 18 16 19 22 
1 2 3 4 5 6 7 8 9 10 11 12 13 14 15 20 18 17 21 19 22 16 
1 2 3 4 5 6 7 8 9 10 11 12 13 14 15 20 19 16 17 18 21 22 
1 2 3 4 5 6 7 8 9 10 11 12 13 14 15 20 19 21 17 18 22 16 
1 2 3 4 5 6 7 8 9 10 11 12 13 14 15 20 21 17 22 16 18 19 
1 2 3 4 5 6 7 8 9 10 11 12 13 14 15 20 22 16 17 19 21 18 
1 2 3 4 5 6 7 8 9 10 11 12 13 14 15 20 22 19 18 16 17 21 
1 2 3 4 5 6 7 8 9 10 11 12 13 14 15 21 16 18 22 19 20 17 
1 2 3 4 5 6 7 8 9 10 11 12 13 14 15 21 17 16 19 18 20 22 
1 2 3 4 5 6 7 8 9 10 11 12 13 14 15 21 17 20 19 18 22 16 
1 2 3 4 5 6 7 8 9 10 11 12 13 14 15 21 18 19 16 17 20 22 
1 2 3 4 5 6 7 8 9 10 11 12 13 14 15 21 19 16 18 20 22 17 
1 2 3 4 5 6 7 8 9 10 11 12 13 14 15 21 19 20 22 16 17 18 
1 2 3 4 5 6 7 8 9 10 11 12 13 14 15 21 20 18 16 19 22 17 
1 2 3 4 5 6 7 8 9 10 11 12 13 14 15 21 22 16 19 17 18 20 
1 2 3 4 5 6 7 8 9 10 11 12 13 14 15 21 22 19 20 17 18 16 
1 2 3 4 5 6 7 8 9 10 11 12 13 14 15 22 16 19 18 17 20 21 
1 2 3 4 5 6 7 8 9 10 11 12 13 14 15 22 17 16 20 19 21 18 
1 2 3 4 5 6 7 8 9 10 11 12 13 14 15 22 17 21 16 18 19 20 
1 2 3 4 5 6 7 8 9 10 11 12 13 14 15 22 18 19 17 20 21 16 
1 2 3 4 5 6 7 8 9 10 11 12 13 14 15 22 19 16 21 17 18 20 
1 2 3 4 5 6 7 8 9 10 11 12 13 14 15 22 19 21 16 18 20 17 
1 2 3 4 5 6 7 8 9 10 11 12 13 14 15 22 20 18 19 16 17 21 
1 2 3 4 5 6 7 8 9 10 11 12 13 14 15 22 21 16 20 18 19 17 
1 2 3 4 5 6 7 8 9 10 11 12 13 14 15 22 21 20 17 16 18 19 
1 2 3 4 5 6 7 8 9 10 11 12 13 14 16 15 17 20 21 19 22 18 
1 2 3 4 5 6 7 8 9 10 11 12 13 14 16 15 18 19 17 20 21 22 
1 2 3 4 5 6 7 8 9 10 11 12 13 14 16 15 18 22 19 20 21 17 
1 2 3 4 5 6 7 8 9 10 11 12 13 14 16 15 19 20 22 17 18 21 
1 2 3 4 5 6 7 8 9 10 11 12 13 14 16 15 20 18 17 21 22 19 
1 2 3 4 5 6 7 8 9 10 11 12 13 14 16 15 20 22 19 17 18 21 
1 2 3 4 5 6 7 8 9 10 11 12 13 14 16 15 21 19 22 18 20 17 
1 2 3 4 5 6 7 8 9 10 11 12 13 14 16 15 22 18 19 17 20 21 
1 2 3 4 5 6 7 8 9 10 11 12 13 14 16 15 22 21 19 18 20 17 
1 2 3 4 5 6 7 8 9 10 11 12 13 14 16 17 15 21 18 19 20 22 
1 2 3 4 5 6 7 8 9 10 11 12 13 14 16 17 18 19 20 21 22 15 
1 2 3 4 5 6 7 8 9 10 11 12 13 14 16 17 18 22 21 15 19 20 
1 2 3 4 5 6 7 8 9 10 11 12 13 14 16 17 19 21 15 20 22 18 
1 2 3 4 5 6 7 8 9 10 11 12 13 14 16 17 20 18 21 15 19 22 
1 2 3 4 5 6 7 8 9 10 11 12 13 14 16 17 20 22 21 18 19 15 
1 2 3 4 5 6 7 8 9 10 11 12 13 14 16 17 21 20 18 15 19 22 
1 2 3 4 5 6 7 8 9 10 11 12 13 14 16 17 22 18 20 19 21 15 
1 2 3 4 5 6 7 8 9 10 11 12 13 14 16 18 15 17 19 20 21 22 
1 2 3 4 5 6 7 8 9 10 11 12 13 14 16 18 15 21 19 20 22 17 
0
0
