5
10
619240056
560848224
307427084
416571729
257838957
574959447
67322510
617656431
832357516
53238498
9
174744362
396125144
898381840
543476039
665788735
548867405
850356039
474801093
711518671
10
920398387
884708255
182047639
542924130
751998861
429592173
470757270
62680062
808910830
72245651
19
369759054
379672735
951008199
627598011
954632183
870847061
97770794
639506051
776601912
451168462
666766765
172727056
202066654
62759156
838515791
750934060
913115196
165833236
314969083
18
86231624
52193690
505130117
481672106
656708903
934722290
952429376
719388965
743633121
24675028
253825436
965908527
256864115
204833635
446022891
64012650
75680697
543793685
