66 1
256609 256624
231025 231077
415997 416088
274852 274885
504026 504085
834774 834793
367146 367191
286356 286403
822572 822664
378686 378707
640866 640960
467482 467517
944249 944322
733589 733614
107877 107883
13088 13173
996720 996732
686488 686556
983502 983593
619052 619131
211501 211526
927497 927543
437070 437075
71045 71138
309348 309378
339313 339326
407375 407422
7247 7322
403419 403454
562599 562646
279740 279779
908483 908494
336150 336220
238231 238235
72660 72742
356234 356294
827459 827490
379158 379238
13935 13937
556872 556954
416283 416320
273495 273552
735683 735724
691631 691684
537928 538009
683099 683118
862619 862652
643182 643203
702902 702914
67476 67489
255045 255054
92424 92479
223791 223872
379734 379759
438134 438140
77359 77375
865494 865499
194424 194500
147945 147951
772980 773004
172987 173017
52595 52652
80362 80438
783429 783444
93539 93595
591527 591562
0 2 3790
55 1
843523 843555
626368 626448
846190 846226
161973 162067
191559 191659
377690 377755
568831 568897
283303 283363
148860 148871
137973 138060
135040 135127
970877 970972
545465 545476
809611 809678
299600 299618
450353 450428
109549 109569
955954 956044
590207 590286
701835 701853
430130 430206
408434 408495
208493 208529
56572 56576
43346 43391
234690 234727
148483 148549
713384 713484
41377 41471
956066 956094
380063 380081
516802 516865
999489 999545
478052 478100
623386 623424
404165 404180
808466 808564
52475 52533
20685 20784
890662 890744
336295 336298
791471 791548
847269 847323
695076 695173
544199 544292
262324 262386
90262 90340
930224 930227
284585 284613
712150 712220
137217 137283
961484 961566
961615 961626
478992 479091
155709 155762
0 3 1355
2 1
374975 375030
704559 704630
0 1 8647
67 1
854124 854166
84767 84775
247721 247789
46677 46715
945933 945945
330619 330666
571174 571236
406197 406279
695614 695642
735236 735257
355730 355749
598295 598331
449277 449343
683341 683420
453264 453323
832695 832782
366601 366662
962446 962519
747080 747154
515610 515622
49985 50066
116910 116969
688542 688548
864392 864400
524686 524766
123828 123843
377050 377072
127850 127928
616739 616782
180356 180358
887401 887404
893740 893793
963215 963252
901026 901121
898010 898097
919658 919705
811919 811987
601857 601918
76025 76073
400968 400978
98579 98626
997476 997504
763268 763346
818305 818312
969220 969233
966360 966432
44415 44467
659677 659706
748988 749042
717923 717973
10040 10073
627696 627755
706852 706904
838771 838847
212151 212241
899938 899968
797236 797249
302709 302764
539090 539104
973213 973222
152378 152403
397633 397725
832376 832385
720772 720787
134362 134457
261064 261065
592627 592638
0 8 1014
33 1
363165 363239
498642 498688
907509 907516
492954 492970
967848 967867
473928 473985
799048 799100
390141 390180
762227 762276
716611 716705
581810 581867
637357 637419
780635 780655
241625 241689
709833 709890
711520 711617
706083 706097
779594 779685
155272 155372
114306 114325
435570 435656
115627 115645
34437 34504
746808 746824
953215 953285
689309 689385
167778 167795
810290 810302
401836 401850
61227 61296
647722 647821
701017 701021
15612 15623
0 3 9510
4 1
221431 221520
409628 409676
253426 253520
202856 202897
0 5 2101
36 1
615117 615142
815166 815219
814890 814935
644973 644985
681843 681884
332767 332773
859303 859316
901040 901052
930917 930957
866595 866600
121019 121061
919682 919747
525497 525519
454077 454151
258222 258286
91228 91319
653389 653434
922995 923025
815489 815508
963593 963676
946659 946719
743840 743902
629224 629303
451125 451217
356271 356290
742749 742838
640361 640391
546405 546414
664904 664985
423034 423111
407245 407258
829167 829252
453358 453419
77966 78064
352831 352890
798881 798971
0 10 5451
93 1
72927 73012
60221 60267
302733 302794
547358 547372
600266 600284
146417 146515
168952 169046
40694 40758
931412 931442
652921 652946
211996 212067
552755 552809
269703 269747
107823 107897
474046 474113
32724 32797
184003 184047
453970 454057
146805 146832
484601 484623
747244 747261
380519 380566
733262 733327
632111 632137
71594 71677
380950 381039
755853 755909
537142 537149
302300 302316
870681 870778
268983 268987
356021 356106
996348 996438
456072 456076
327668 327692
922925 922989
604392 604487
23810 23816
757359 757379
35031 35084
973655 973735
112541 112600
866035 866070
787766 787852
843702 843748
493735 493819
561849 561856
82021 82069
176097 176141
734051 734067
511467 511494
611379 611389
993122 993211
486215 486295
807460 807505
95784 95850
453576 453653
543325 543388
890711 890753
37000 37012
505887 505973
363448 363535
413193 413213
658635 658676
16263 16300
125756 125837
82364 82451
192642 192727
405027 405084
342316 342402
716453 716553
26304 26333
679128 679156
522343 522433
417069 417163
336953 336960
122780 122880
539745 539817
178571 178602
641612 641697
623768 623787
271617 271648
537205 537264
297967 297998
143115 143149
671069 671088
111085 111157
62299 62311
783351 783392
876401 876472
660335 660389
672429 672495
430105 430178
0 6 6904
100 1
550671 550689
591477 591530
330675 330762
587471 587528
231553 231557
976677 976748
855189 855289
669770 669822
973750 973812
38153 38225
947448 947506
879300 879313
197962 198035
598701 598790
534728 534828
642849 642947
385570 385647
374902 374946
839115 839139
21852 21919
222827 222856
194489 194556
188928 188938
756119 756149
151372 151395
885901 885972
78480 78481
378436 378477
373025 373061
599430 599482
85588 85618
509501 509558
25658 25712
703752 703824
879477 879532
451790 451793
240483 240561
213022 213033
26888 26928
624792 624803
279762 279854
309781 309874
792244 792312
151033 151101
698056 698070
589371 589466
541795 541818
771151 771203
15976 16030
948575 948579
233208 233272
30459 30502
46642 46722
935805 935834
728971 729067
768139 768223
71287 71358
399676 399759
315191 315199
545150 545196
333874 333947
313240 313308
266095 266137
959472 959495
108347 108393
210226 210232
308410 308494
847948 847999
515 567
428579 428664
860699 860768
254568 254654
823691 823734
828220 828301
721303 721372
152126 152202
540593 540610
447195 447235
582458 582524
121462 121518
314712 314751
65062 65083
605075 605136
978171 978260
213113 213114
335074 335085
152521 152562
522148 522159
760236 760303
115092 115130
240088 240157
53065 53097
281638 281697
620071 620118
906925 907009
587603 587639
622275 622291
361108 361157
598376 598454
832937 833025
0 2 1651
50 1
440150 440210
550590 550659
538903 538930
63308 63332
85191 85230
120461 120462
496762 496769
8725 8822
604861 604873
893271 893347
107819 107890
372252 372300
469908 469999
742177 742198
618093 618171
460975 461018
613590 613654
881463 881507
560042 560112
507667 507699
821460 821539
747033 747106
161738 161747
105570 105620
18821 18913
56826 56917
152163 152192
122791 122813
645519 645538
809042 809106
571097 571114
354558 354596
797932 797952
369881 369955
697141 697241
519557 519609
538378 538467
869525 869592
55050 55096
499417 499487
6637 6731
233212 233311
18022 18024
813572 813664
737321 737335
959855 959924
408982 408994
525806 525819
66783 66869
564886 564909
0 3 5227
15 1
184751 184784
922432 922480
576549 576602
199184 199278
262217 262252
183515 183533
687906 687965
871890 871961
839613 839671
235852 235929
222463 222480
737159 737160
524002 524036
924085 924181
332660 332711
0 2 1884
62 1
954784 954799
941844 941922
205831 205909
820144 820244
20436 20438
212290 212348
539515 539562
599510 599553
647762 647788
463401 463463
598979 599013
722698 722773
329845 329894
232305 232311
885684 885750
106266 106333
123232 123242
477096 477110
864287 864327
702166 702240
997141 997196
764732 764739
339753 339846
779249 779263
955570 955572
786127 786175
239835 239860
794674 794706
532625 532703
965989 965997
206596 206651
775126 775205
120364 120438
691593 691595
65813 65871
902076 902081
824564 824623
632312 632328
63751 63763
668182 668202
686913 686921
573867 573967
479484 479525
529131 529139
911870 911889
946767 946784
567373 567466
480996 481032
490466 490506
188738 188768
599049 599114
651934 651998
790323 790420
104279 104352
728509 728521
389744 389765
259472 259482
858520 858575
848502 848504
751063 751087
399121 399150
911540 911585
0 7 6933
90 1
392022 392093
713226 713312
183805 183894
305860 305913
273820 273904
229261 229344
66027 66061
338454 338542
535905 535914
394490 394497
344823 344888
355379 355382
615456 615479
495076 495119
41507 41524
638520 638548
486188 486286
949065 949109
521286 521362
687096 687101
447559 447568
390440 390525
110094 110187
59573 59671
322653 322667
85904 85979
674330 674412
742830 742915
795857 795914
330479 330542
708573 708672
270891 270951
837096 837103
897455 897488
507583 507634
186190 186231
533611 533640
985078 985082
305521 305523
289701 289727
47767 47824
328352 328448
333238 333319
11880 11926
825437 825448
482809 482871
827709 827760
761473 761529
6357 6385
572240 572331
759830 759859
501784 501824
851409 851470
453495 453577
47862 47957
817807 817835
635151 635209
334075 334116
217339 217345
130186 130213
721016 721062
609488 609564
399396 399457
762583 762588
546240 546263
952395 952464
609603 609681
599508 599520
457390 457392
134293 134344
312548 312647
117230 117281
614608 614664
948791 948837
829962 829990
907425 907502
724674 724686
616053 616074
404224 404259
562525 562588
713457 713529
256531 256591
485449 485539
300423 300514
941743 941758
480793 480884
903165 903240
234693 234765
82030 82065
866070 866161
0 4 2968
87 1
79020 79028
210981 211035
255484 255527
687463 687518
417974 418048
288556 288571
827296 827342
248458 248520
228538 228586
197878 197890
253792 253841
424942 424968
98070 98154
248787 248850
316251 316277
194672 194742
994285 994337
369276 369344
567094 567132
52875 52894
99963 99993
808134 808192
605527 605618
221971 221987
75690 75738
209680 209713
651848 651921
799458 799528
4256 4352
654184 654191
865921 865976
232128 232133
254506 254509
626325 626377
174492 174591
839370 839424
20628 20683
718063 718069
736797 736882
492921 492959
392584 392636
174670 174702
369924 369951
827053 827133
538723 538759
211038 211133
330091 330156
781200 781248
560920 560944
438899 438962
603074 603095
42569 42622
958475 958558
282558 282582
733368 733398
56813 56864
510782 510865
686734 686791
721961 722047
287588 287671
511374 511399
698030 698094
458142 458223
942411 942472
403104 403166
270823 270852
692282 692373
662581 662589
590374 590464
895083 895176
753319 753415
482395 482447
183378 183459
177509 177547
715618 715714
682373 682464
480073 480075
68454 68468
375982 375999
957274 957311
424878 424926
334317 334328
574191 574288
800618 800682
458386 458387
521008 521064
647596 647598
0 5 8882
68 1
404500 404515
451386 451476
663887 663926
216296 216348
240472 240536
75725 75785
201093 201118
386576 386579
910715 910739
151572 151602
358209 358233
112637 112654
11219 11309
111124 111219
321272 321315
643909 643932
530009 530055
389964 390060
959785 959844
312347 312355
382474 382498
768868 768934
757300 757395
934520 934534
571619 571711
775995 776074
449715 449746
48795 48881
521020 521090
368532 368575
506112 506152
600765 600786
624086 624115
746368 746390
113339 113405
333181 333194
995841 995941
595730 595770
290195 290197
937505 937570
132693 132792
824343 824402
118481 118571
592396 592449
65759 65839
514495 514518
489719 489779
640695 640751
622340 622354
246729 246807
994831 994841
747842 747914
198309 198333
260163 260166
906525 906545
383019 383088
943870 943932
170679 170730
113203 113230
218203 218264
756706 756803
783535 783559
364308 364337
392932 393031
843994 844054
755029 755054
219569 219591
829496 829526
0 10 9084
21 1
322103 322192
780251 780267
544620 544621
159018 159064
577155 577185
580751 580754
637865 637891
190511 190556
252809 252870
422439 422508
964889 964952
628389 628400
607110 607128
379607 379678
501702 501730
565852 565908
55568 55570
385971 386010
705054 705094
940584 940592
915669 915755
0 5 7564
72 1
150372 150405
587120 587160
990021 990055
187581 187664
488195 488293
870090 870107
768251 768320
299868 299874
639988 640009
10728 10755
867374 867441
697110 697191
504088 504136
774343 774415
148711 148725
738653 738735
614746 614818
858274 858293
206857 206911
127953 128004
312403 312497
429068 429074
582462 582549
221763 221813
407608 407699
495328 495361
820909 820946
457266 457362
959936 959944
898968 899014
821221 821241
407728 407747
963392 963445
589789 589889
828206 828247
381651 381711
232135 232205
253965 254013
572356 572384
69749 69764
224570 224646
287648 287726
273865 273878
370474 370574
976520 976561
342446 342538
423412 423437
266410 266465
565229 565279
589755 589789
90291 90296
566745 566822
298474 298536
169724 169805
812789 812862
883496 883506
804548 804591
599187 599199
432407 432419
828564 828642
271804 271813
239369 239385
953885 953916
598370 598383
394680 394756
428898 428920
192232 192326
840098 840155
849055 849129
394238 394333
765646 765731
731904 731949
0 3 1309
85 1
509872 509934
605258 605290
594982 595007
667468 667532
931546 931626
528144 528166
131829 131846
828253 828275
402267 402329
492877 492917
745899 745970
694085 694168
919327 919408
537913 537982
978289 978386
100222 100282
807510 807541
201743 201786
38655 38665
52307 52308
572141 572143
122574 122643
658970 658996
864143 864179
302487 302506
989675 989712
544441 544452
621071 621138
497092 497175
230535 230567
127231 127240
996244 996336
68939 69025
369935 370029
583548 583641
594146 594234
551746 551765
859657 859672
183896 183995
271951 271986
597169 597246
567471 567532
978088 978182
121728 121759
380228 380242
983262 983321
715722 715779
474902 474963
693843 693879
408606 408648
299780 299831
949429 949454
235821 235906
578592 578608
49235 49329
422450 422505
144870 144943
820716 820773
727518 727613
630839 630884
327408 327461
131555 131585
626309 626366
344142 344145
967644 967691
630244 630268
271849 271922
635300 635369
905109 905152
443736 443832
97136 97222
633450 633456
888810 888827
881314 881393
429311 429316
240423 240442
158957 159035
316200 316217
494786 494827
138120 138149
929439 929454
246204 246243
380739 380795
741659 741759
128098 128192
0 4 7931
96 1
456740 456753
864904 864922
338875 338935
346193 346238
568716 568738
928144 928177
729307 729343
524804 524839
550626 550696
954291 954355
222961 223007
9922 9982
480243 480311
298054 298082
279598 279599
205418 205508
146665 146739
358459 358499
996433 996484
97484 97485
455524 455604
951833 951863
646815 646903
892917 892958
835209 835216
982056 982125
199352 199382
83328 83374
219997 220030
417774 417868
651186 651277
752283 752333
726216 726310
799741 799790
848096 848173
804149 804169
955556 955589
4801 4823
781672 781689
832514 832594
261275 261345
191401 191479
322899 322927
172924 173019
688813 688862
558840 558938
246591 246666
654199 654206
454568 454608
695455 695518
383868 383923
606282 606305
288287 288370
974496 974554
25151 25161
203189 203215
621579 621668
779755 779832
185669 185699
3723 3804
576078 576140
214478 214547
390036 390112
795475 795530
838967 839048
663618 663652
23235 23286
78608 78629
913685 913689
897830 897866
860113 860131
741613 741704
11959 11978
942519 942546
506749 506842
72107 72133
25154 25190
421846 421888
187963 187983
808848 808878
740952 740969
766115 766201
775068 775091
592058 592062
897826 897913
660291 660381
107257 107312
755980 755995
955974 956024
316841 316863
677442 677541
61899 61946
708234 708279
666840 666936
217416 217504
439477 439545
0 2 8905
23 1
830963 831042
464491 464492
137669 137749
944457 944481
11111 11134
528249 528309
896863 896933
419753 419814
52868 52919
26746 26810
821891 821933
270380 270410
878770 878869
794785 794846
984003 984063
134674 134691
544438 544454
168518 168576
370647 370721
254381 254438
692997 693078
124068 124079
289950 290022
0 10 5223
69 1
37113 37175
215216 215310
769532 769546
162178 162222
460669 460706
21270 21355
290026 290111
960502 960586
507432 507460
259216 259256
282824 282921
529608 529694
848146 848225
330109 330176
805001 805031
652152 652217
705043 705110
725858 725884
344033 344121
361170 361171
149976 150015
113037 113039
35575 35614
928485 928491
179718 179818
948546 948639
745896 745901
884278 884372
100635 100674
334060 334148
545020 545083
296804 296866
886282 886296
757340 757354
943401 943410
551366 551442
17299 17301
533377 533450
254292 254305
112231 112240
165913 165989
929253 929313
571632 571663
538553 538619
60621 60686
610605 610645
407879 407888
372053 372113
446422 446514
40825 40847
764252 764294
999549 999599
289296 289374
350775 350862
27490 27495
493948 494002
523780 523880
137914 137977
753082 753100
800380 800382
581782 581867
935693 935706
318393 318439
800172 800186
953489 953538
154635 154676
465890 465925
15642 15727
719812 719828
0 2 9420
23 1
869551 869625
111320 111385
518056 518094
798045 798054
402271 402300
300154 300237
527421 527472
224807 224841
77739 77794
963220 963251
564396 564402
843825 843906
869918 869958
651056 651127
556012 556090
106977 106991
241451 241548
455931 455989
38786 38861
640319 640327
463003 463075
865691 865766
64722 64771
0 2 9003
31 1
269750 269786
814467 814549
331305 331363
756737 756812
613421 613487
571852 571939
507369 507469
527617 527695
861637 861728
939896 939940
760945 760964
201086 201105
977792 977826
99430 99434
513288 513348
607246 607284
839395 839459
888719 888819
995473 995481
151926 152020
427725 427754
680580 680673
546628 546676
234671 234735
506138 506156
743660 743742
87637 87682
51152 51180
752679 752760
702031 702097
561292 561320
0 8 43
74 1
275516 275549
756015 756076
559957 560000
597692 597742
59123 59162
246072 246110
344728 344817
727397 727458
24625 24667
695664 695669
941172 941216
824787 824824
923887 923954
772492 772516
446809 446826
961365 961441
875149 875180
155788 155793
229873 229952
446506 446553
592069 592146
789085 789181
629566 629599
64956 64998
704974 704993
293298 293343
123214 123299
369634 369686
284851 284928
920728 920739
401393 401485
486687 486728
115822 115896
227997 228043
912305 912308
667393 667466
883431 883460
957521 957569
5661 5689
199890 199977
815799 815886
389483 389547
127623 127691
18816 18889
933944 933987
660484 660520
337986 338008
128228 128235
822347 822372
832204 832207
547079 547127
271728 271737
505128 505176
459857 459898
768075 768173
254127 254152
185636 185697
555589 555648
951781 951785
242083 242107
30298 30364
737412 737495
82439 82478
338441 338479
738215 738259
672140 672233
702944 703011
232154 232225
689466 689476
235211 235252
384459 384548
74117 74211
682002 682007
883352 883434
0 5 9505
57 1
773268 773307
143143 143150
973831 973911
377121 377148
752771 752837
363770 363860
410919 410959
902455 902535
807051 807098
3738 3777
950464 950547
11092 11160
973535 973608
300628 300649
680730 680814
676024 676121
686775 686793
609255 609260
899797 899825
321431 321451
681493 681545
381909 381972
773392 773455
228042 228136
160710 160741
425884 425957
838313 838389
207692 207791
81848 81867
459871 459900
76055 76102
732926 732955
987764 987844
939785 939798
361259 361327
572832 572883
979119 979211
167865 167927
755454 755460
365655 365670
660388 660427
60039 60092
228514 228545
859603 859616
292401 292475
105642 105697
488072 488139
647635 647670
697098 697118
879747 879804
881339 881369
617459 617516
440021 440045
129319 129394
697581 697606
144341 144362
802863 802943
0 8 8462
75 1
280862 280962
996434 996451
72871 72971
296951 296957
48449 48471
944804 944861
282060 282094
756968 757037
353754 353797
304539 304619
756223 756286
209921 210016
118726 118778
36267 36272
919113 919207
73597 73623
402745 402775
365642 365710
421381 421426
57025 57055
96018 96046
609338 609416
915561 915618
36946 37013
941299 941335
851246 851320
173698 173716
360768 360843
24521 24608
991580 991613
731332 731408
659959 660035
135206 135258
126043 126129
237248 237315
542767 542833
701247 701304
227695 227754
551113 551205
918825 918837
638827 638850
706285 706309
380292 380296
137651 137664
496790 496820
864797 864818
710757 710764
362197 362211
99411 99502
435252 435310
704010 704028
186275 186331
162826 162895
54766 54805
711312 711355
206350 206388
292717 292803
679014 679022
12389 12453
594172 594251
462245 462266
253651 253704
16427 16526
51667 51756
136790 136808
485199 485250
981287 981360
278758 278771
601794 601817
858051 858108
823465 823517
179595 179628
9737 9797
821893 821970
191623 191687
0 9 7736
58 1
440515 440571
911237 911240
602997 603003
557901 557948
895793 895819
755256 755313
863871 863950
930659 930686
428595 428605
389273 389301
37498 37530
883020 883094
472206 472241
139981 140005
723171 723209
501995 502080
907493 907576
752739 752781
844089 844181
503340 503373
572717 572813
812489 812576
347374 347421
646265 646285
770908 770946
869799 869804
799769 799787
384378 384405
84605 84615
430750 430777
998347 998443
4163 4255
378679 378680
449033 449100
583892 583916
995351 995411
727319 727358
625898 625942
67337 67400
883364 883408
824052 824114
163000 163072
22332 22361
928498 928586
104439 104487
947414 947499
808343 808371
41328 41401
224828 224840
442491 442563
475436 475477
514383 514437
762031 762064
793798 793865
445147 445160
183962 184060
463026 463087
925721 925778
0 9 4996
80 1
572409 572425
54512 54548
691944 692029
781516 781571
200375 200414
690442 690510
653673 653721
916598 916603
203345 203362
755451 755460
446278 446378
376234 376325
466721 466812
236632 236671
486586 486649
50756 50803
435078 435097
132034 132055
379503 379504
342028 342058
569191 569212
250797 250861
958368 958414
533168 533232
946062 946133
591272 591364
345970 345976
734634 734724
829096 829113
133628 133661
272079 272114
923731 923787
322354 322371
350529 350537
2017 2073
830789 830797
757728 757813
794071 794167
281683 281773
394159 394203
648560 648591
652787 652817
952936 952956
807219 807302
875036 875135
646767 646833
157933 158031
370622 370660
142614 142664
214846 214928
930057 930091
232189 232273
643571 643582
920231 920284
902553 902643
669348 669360
816172 816207
61993 62000
225906 225970
583841 583935
842762 842769
280759 280805
317456 317536
513684 513753
888881 888962
637403 637492
806866 806957
539425 539513
928554 928609
408392 408450
290396 290436
414921 414988
916226 916240
392025 392108
862477 862542
275776 275866
722824 722859
738635 738714
724266 724336
16700 16799
0 2 4787
68 1
4211 4218
484949 484967
228299 228305
270613 270703
247327 247359
254967 255059
285556 285605
619420 619441
189225 189234
500596 500607
95995 96069
986376 986393
557573 557599
910918 910944
97013 97050
768070 768145
583944 584014
114144 114186
601776 601833
150983 151037
278288 278337
606045 606140
319397 319461
857967 857988
582824 582886
287083 287101
899436 899447
576186 576246
422036 422040
217738 217838
767492 767551
169327 169362
271528 271598
680028 680031
184578 184588
238756 238773
236958 237010
59412 59419
586615 586693
97679 97717
792292 792354
364608 364687
174572 174665
697790 697849
944248 944275
148359 148399
417685 417770
579526 579539
117506 117560
78867 78951
606915 606990
281300 281373
195126 195189
916579 916672
290793 290850
983882 983918
915370 915411
807514 807607
805634 805637
719252 719285
937182 937192
977972 978038
701646 701744
560430 560481
333403 333500
637586 637603
473271 473309
300541 300589
0 9 2840
44 1
466722 466801
179449 179511
22744 22786
653547 653594
504993 505025
465228 465282
414103 414148
106951 107003
896875 896928
337706 337729
80039 80062
42145 42173
578563 578655
840279 840313
226084 226159
576113 576170
671305 671366
57070 57119
57654 57671
738447 738545
663100 663126
484303 484305
56470 56523
81506 81602
33706 33717
522218 522314
213585 213647
178075 178123
791254 791259
620533 620622
990779 990824
742845 742929
468557 468571
872484 872547
26882 26912
121560 121641
330955 331018
283535 283611
713467 713559
373472 373496
300602 300691
893619 893658
976403 976448
822686 822694
0 10 7696
0 0
