14 1
977884 977981
298437 298474
648036 648114
643717 643721
738795 738875
209876 209921
567493 567552
223462 223481
614705 614728
790634 790696
42777 42876
522203 522285
320508 320605
97767 97795
8244 8254 1891
27 3
820327 820342
231366 231371
742931 743000
140099 140110
751096 751139
690655 690709
795604 795678
596311 596337
425807 425879
926454 926511
797826 797861
714865 714887
6253 6297
115117 115151
361434 361529
122012 122073
916809 916886
583065 583105
894597 894612
782902 782947
811657 811713
627298 627310
108729 108789
7289 7377
499231 499273
445244 445300
842228 842288
3930 3940 6004
9046 9051 3789
6641 6647 1901
1 2
191317 191409
6201 6202 8793
8245 8254 8701
44 5
627429 627483
406090 406158
367436 367467
156264 156308
698410 698433
384773 384814
865078 865148
483106 483125
873162 873243
867119 867182
436585 436621
705206 705243
489266 489365
727381 727438
269051 269125
646906 646985
691127 691223
607499 607514
909178 909240
755758 755798
112836 112866
187180 187246
877051 877136
269484 269497
211618 211620
709527 709581
195037 195069
423690 423745
165082 165104
965111 965143
6695 6763
846963 847037
697715 697776
789088 789133
734574 734619
247184 247193
201726 201789
341674 341750
621000 621009
345340 345409
264111 264177
29874 29973
985950 985965
176153 176236
7336 7341 1515
4030 4033 4829
8203 8212 5641
3642 3645 214
8486 8492 3974
13 1
392000 392039
458542 458550
850678 850688
783618 783714
837383 837400
924197 924246
451621 451700
960984 961020
209445 209458
411570 411643
979568 979586
109913 109922
51263 51341
8047 8055 452
9 3
722451 722550
201469 201479
183329 183359
541928 541952
879064 879160
45772 45784
785368 785418
163695 163750
363147 363207
2524 2533 4627
494 498 4187
1756 1759 8585
45 4
119546 119571
545766 545810
716945 716973
119172 119247
362355 362402
637690 637692
802870 802872
481469 481489
520448 520524
319718 319725
231299 231335
586485 586529
537171 537195
816251 816335
835608 835704
336999 337052
71572 71589
407349 407365
219544 219564
30790 30840
283619 283651
310703 310791
25233 25256
43059 43091
717298 717374
383891 383940
236264 236339
479444 479530
997398 997493
803469 803527
368142 368162
304510 304523
572288 572346
228228 228259
754730 754800
406432 406532
960201 960287
157539 157624
542008 542106
80168 80174
79725 79783
240606 240694
434433 434482
605774 605856
15743 15837
7539 7545 8765
8401 8411 1052
6610 6618 9234
1339 1348 5665
40 1
135502 135531
870937 870947
530526 530530
453167 453169
931514 931538
442590 442688
930172 930187
830479 830546
6660 6730
362502 362527
762770 762772
776476 776555
819681 819691
727070 727151
657726 657737
81433 81461
745739 745808
987089 987105
419824 419879
919218 919255
650378 650437
749986 749987
442873 442938
559167 559199
741186 741207
554956 555011
173174 173258
129685 129691
603493 603499
221486 221556
305269 305287
570797 570804
771638 771723
359975 359988
514491 514583
575502 575522
673702 673789
778121 778147
905951 905990
82457 82545
1659 1664 3794
32 5
313479 313568
121392 121428
711874 711887
508204 508247
986110 986173
302780 302826
435537 435630
574837 574917
586094 586102
421133 421213
550528 550586
333883 333950
652866 652936
212177 212259
681164 681225
840881 840975
683749 683773
230281 230304
893937 893974
926765 926811
846751 846848
456743 456782
272841 272872
546070 546156
320339 320341
286865 286883
21259 21358
791384 791408
150821 150882
997106 997142
196921 197007
375681 375702
6610 6613 2643
546 555 5760
6943 6952 8008
37 46 848
7968 7976 6133
8 4
949349 949424
73417 73517
143259 143352
753620 753691
260998 261005
376443 376478
993987 994050
448296 448395
2458 2459 9800
4569 4574 50
2576 2580 8939
9775 9776 3896
9 3
426055 426062
839374 839397
350758 350842
279715 279792
162154 162218
239035 239083
672399 672420
344763 344857
865672 865744
5887 5888 4492
4373 4383 7067
2896 2906 3193
38 1
45451 45488
747112 747121
322611 322645
144167 144261
559001 559096
500100 500164
3930 4029
804814 804816
416161 416169
135325 135409
737746 737841
170575 170593
152667 152760
321366 321442
77185 77188
904533 904620
316692 316736
948748 948750
414578 414644
460895 460973
890512 890558
105993 106086
548745 548752
680447 680504
836314 836385
357341 357352
826566 826581
938880 938964
841908 841953
595411 595455
93700 93744
590783 590874
151587 151669
49692 49756
181499 181537
56093 56103
504284 504370
999155 999183
9244 9245 636
7 1
407976 407995
838288 838331
971198 971269
810502 810545
445634 445731
841494 841571
353079 353163
7163 7165 7927
29 5
844864 844887
695172 695271
430560 430586
434878 434881
373926 373940
961711 961759
409841 409870
223936 224019
965227 965285
672584 672605
519791 519872
554514 554581
304311 304360
78882 78905
140675 140735
852784 852874
527034 527089
367389 367483
758632 758650
977396 977453
804131 804138
34557 34629
449487 449531
592406 592471
849001 849091
644085 644129
699870 699920
866862 866894
37698 37741
154 156 654
2938 2942 7688
7244 7246 5281
5876 5877 9028
4784 4788 4486
40 5
603973 604056
42182 42219
249536 249607
695474 695553
523392 523415
1540 1564
448121 448156
794077 794121
184288 184354
339457 339532
580610 580620
153607 153692
818781 818816
81268 81302
523472 523532
988010 988054
591142 591185
178833 178910
853714 853720
491707 491712
284728 284775
937380 937480
956881 956890
908396 908464
161174 161178
89495 89530
700366 700419
780971 781069
128439 128478
573731 573742
85550 85642
295706 295797
624634 624672
33720 33819
348843 348869
888156 888179
18672 18707
915474 915478
589695 589764
149424 149445
4425 4435 5355
4790 4792 6326
287 288 4916
369 372 465
4812 4820 3507
47 1
997226 997322
446860 446912
65003 65037
57675 57712
28608 28639
996584 996612
731706 731710
473252 473327
305510 305603
518048 518083
634679 634739
813102 813149
488982 489000
89858 89868
63425 63480
694127 694177
932502 932540
99653 99657
770472 770552
404392 404423
739610 739685
200610 200625
664778 664792
474641 474729
984606 984694
98474 98559
670248 670324
700683 700712
11493 11534
271690 271759
62547 62615
651919 651967
139506 139529
992551 992580
457954 457996
258111 258126
797917 797989
701581 701627
165285 165306
465685 465728
168909 168968
801879 801887
992086 992147
31088 31118
809453 809531
111199 111250
301297 301366
3398 3400 3743
48 2
521697 521739
157944 157955
87158 87174
937192 937247
814652 814716
48240 48334
315024 315074
799124 799155
120835 120872
701619 701635
143841 143889
268314 268406
338396 338430
431941 431991
127877 127966
679031 679056
613482 613557
401535 401626
486342 486420
799545 799638
1194 1278
298239 298256
492885 492899
503100 503119
431750 431820
770835 770878
241817 241917
624134 624198
135986 136060
392113 392127
380314 380358
946138 946233
424470 424494
210785 210796
235454 235536
728155 728202
890817 890910
552863 552865
640107 640169
997420 997428
777031 777037
680150 680249
356458 356493
631763 631858
876709 876784
789008 789082
611370 611415
283521 283560
5520 5527 3001
973 981 1156
19 5
733900 733982
811856 811862
712795 712822
478566 478592
126585 126600
541376 541418
979350 979388
491836 491846
713365 713460
662135 662169
532339 532394
876925 876983
472664 472741
515183 515184
47432 47433
954507 954591
243282 243344
188041 188118
608341 608347
2254 2259 1673
3629 3637 1022
3119 3124 9783
2835 2844 8269
3920 3929 276
44 3
322939 323012
267780 267819
77256 77337
803798 803837
130214 130273
562980 563022
694851 694936
81247 81322
571257 571333
680444 680474
294346 294394
134764 134844
478998 479031
981099 981185
373308 373403
336336 336382
151767 151782
545536 545558
491047 491080
120313 120326
435844 435936
740254 740348
912876 912929
76821 76906
922728 922792
409114 409139
696564 696642
966956 967017
66910 66964
759299 759368
102700 102734
652814 652832
216100 216149
516192 516291
64034 64038
361111 361188
319795 319811
630570 630592
955568 955658
749506 749553
981006 981078
644423 644492
218849 218927
853129 853139
5784 5791 8678
8483 8485 7843
5653 5655 2543
46 5
706576 706675
541472 541524
970845 970884
353374 353392
147459 147474
502076 502081
558120 558167
186528 186568
912247 912304
605169 605225
390040 390087
989385 989408
958359 958386
550527 550549
559769 559791
95583 95680
699772 699826
989148 989164
828944 829017
423185 423187
435988 436048
34859 34918
102306 102344
262499 262551
51994 52013
245259 245293
117965 118008
526908 526983
668221 668255
507896 507938
126155 126233
527038 527064
240531 240568
12893 12920
891410 891487
562228 562277
877689 877775
354207 354253
334823 334880
510898 510967
517075 517083
345202 345294
23503 23512
744066 744089
465894 465956
436064 436164
5439 5440 677
2322 2332 3569
8148 8157 5997
375 382 37
3813 3818 6383
37 2
817280 817335
284188 284227
489708 489787
629641 629709
179645 179709
344061 344067
273779 273839
803396 803476
903136 903153
748869 748925
613864 613883
299053 299144
432117 432206
280755 280776
931823 931916
316934 316936
150248 150322
355241 355248
553052 553133
34475 34523
822596 822631
197005 197080
830995 830996
849606 849688
932469 932495
133538 133623
783444 783486
469627 469639
574382 574463
798084 798089
272473 272491
771658 771730
748843 748893
95379 95425
144483 144488
67294 67372
24739 24837
9804 9809 1050
9409 9418 3519
36 1
292555 292636
737749 737830
92292 92374
512561 512637
334686 334771
521745 521841
756809 756896
265945 265984
88832 88911
14743 14820
410209 410290
453127 453139
927918 927994
935773 935809
464046 464104
855643 855743
356739 356830
518780 518810
421872 421964
855757 855767
365429 365430
895605 895642
164439 164440
490775 490846
604680 604749
925747 925835
577701 577774
4899 4917
129401 129424
88805 88851
453381 453428
866398 866469
537837 537866
291852 291913
965573 965582
748970 748971
5109 5115 9589
48 1
976715 976785
443505 443588
901268 901312
576283 576376
495995 496048
925893 925910
687057 687147
922749 922753
902087 902106
685692 685760
541071 541075
285540 285619
427073 427113
730139 730189
102480 102518
943176 943270
911559 911591
77776 77803
877776 877786
609319 609341
768662 768725
843138 843209
87252 87339
603574 603665
531457 531474
825658 825685
483721 483770
277557 277602
244088 244136
531495 531562
976437 976459
942112 942208
894053 894092
700822 700902
706648 706740
178301 178363
878054 878145
963732 963789
820029 820086
987347 987432
889273 889329
424012 424057
956904 956924
316490 316533
741967 742051
580261 580265
839005 839077
122751 122760
8610 8614 3941
8 5
748593 748664
560820 560903
237002 237078
106411 106469
29823 29919
726282 726360
398259 398286
316082 316160
8468 8472 4497
6451 6456 9252
1807 1815 2002
7567 7575 1925
1507 1514 8339
50 2
299158 299192
19250 19335
129245 129304
887807 887899
582540 582577
18102 18120
79418 79449
162985 163078
25127 25214
759229 759307
627593 627630
366379 366391
122654 122709
33018 33050
192993 193010
413880 413882
275951 275980
866487 866534
289387 289432
541390 541468
33981 34072
619148 619198
226473 226505
258943 259043
274271 274294
902329 902344
946159 946219
979726 979790
239714 239758
733147 733206
782212 782238
957560 957574
580154 580252
496060 496152
611043 611092
290522 290597
113291 113360
791125 791189
208152 208171
107715 107737
100941 101036
900637 900689
311454 311516
664967 664987
893105 893119
16578 16595
61491 61580
766182 766227
830887 830929
543888 543969
6042 6051 9655
5685 5692 779
50 4
993549 993563
434650 434740
935908 935946
174293 174307
732000 732059
831233 831289
753724 753786
333124 333139
854650 854656
973211 973299
361547 361645
160168 160208
867859 867882
139624 139659
706953 706976
80515 80517
367288 367305
311343 311391
883154 883241
99613 99666
357597 357642
272961 272982
811358 811442
442887 442894
705389 705438
867895 867930
449546 449560
277227 277283
340588 340638
962043 962084
374625 374682
264394 264458
590425 590513
594163 594242
94074 94149
605083 605153
140971 141014
79342 79370
484127 484207
134687 134754
971028 971109
772802 772828
63346 63426
770681 770715
499581 499604
451474 451479
291632 291651
648821 648877
324306 324389
871986 872017
6758 6759 2752
4080 4083 2094
6408 6409 673
1094 1102 1701
26 1
444978 445049
433340 433398
667304 667324
464733 464762
323477 323541
383699 383748
638419 638475
731631 731688
159086 159126
20177 20267
295172 295263
560283 560362
279932 279939
39024 39115
605359 605360
757403 757439
18771 18865
782346 782373
640013 640091
353907 353948
3441 3447
484841 484852
478313 478385
184967 185018
917563 917658
731940 732026
9486 9490 7016
17 5
126039 126098
511239 511330
573613 573639
932914 932920
860271 860311
437070 437170
5598 5609
143492 143547
401751 401754
737868 737942
3021 3091
568489 568505
139909 139935
854001 854083
900942 901011
370713 370745
595979 595982
1123 1124 6229
4036 4042 2851
5727 5734 6551
1324 1333 42
7231 7241 8096
50 5
957469 957488
974495 974531
109327 109348
568688 568748
205714 205722
944872 944917
460786 460861
690167 690195
335755 335809
113375 113432
606280 606371
181507 181563
354070 354071
961186 961237
272348 272383
515157 515225
492053 492057
944503 944534
794424 794466
208242 208331
894349 894414
265533 265619
528991 529043
18213 18258
552605 552692
569702 569787
165030 165090
812840 812939
101812 101889
628249 628261
329363 329420
636679 636746
665760 665794
971849 971884
127075 127165
493023 493099
849554 849610
409261 409306
230607 230681
759641 759652
75412 75506
458447 458488
113254 113292
275891 275908
78014 78105
138280 138308
80248 80259
261494 261501
388844 388886
722542 722612
3431 3437 45
9337 9338 9306
7881 7890 3131
3873 3875 4894
9567 9575 5335
22 3
547577 547617
893793 893861
295220 295241
48315 48345
79014 79087
491725 491781
549566 549660
242138 242220
610391 610417
288304 288400
695706 695739
29178 29209
579076 579147
925497 925510
815757 815825
390292 390326
991607 991692
847753 847831
101605 101624
389707 389777
723091 723122
9325 9334
5425 5430 490
5815 5825 8793
1862 1870 877
0 0
