17 5
954765 954855
573734 573776
763713 763813
595429 595464
365622 365657
955391 955398
307643 307708
571689 571760
897241 897264
99634 99646
84282 84301
268925 269024
224542 224580
889899 889939
431957 432022
607712 607785
91307 91404
9166 9175 2697
4595 4600 8318
1129 1135 9676
5123 5133 7716
6245 6248 239
30 1
730872 730920
854692 854762
4889 4918
346121 346202
683985 684070
766792 766802
26191 26231
202575 202636
213636 213657
72566 72571
304649 304662
367981 368004
916072 916168
842367 842443
142286 142382
612191 612249
61295 61378
329379 329415
718911 719010
741616 741664
126736 126795
539009 539035
5698 5781
66839 66873
155104 155108
547638 547642
358716 358786
28579 28618
444018 444115
333915 333918
8245 8252 5812
39 4
821543 821617
164602 164643
53689 53690
623776 623875
139209 139263
600497 600588
359892 359974
552246 552293
400171 400221
890714 890755
73280 73332
792510 792586
532118 532130
128820 128895
870976 871035
440265 440283
170432 170450
705910 705983
721418 721456
335271 335349
655443 655462
774121 774207
788300 788366
547332 547403
371067 371112
536963 537009
636248 636320
421274 421340
224635 224728
162940 163002
408451 408507
304479 304514
240774 240815
352059 352102
372778 372807
371873 371893
655800 655893
559905 560004
988710 988798
8921 8930 1632
2235 2239 7879
1706 1713 2596
2693 2695 1887
4 4
181443 181528
828228 828296
232225 232263
933462 933464
319 323 9573
6118 6126 5829
216 224 9416
5489 5495 7399
23 1
641629 641710
927440 927465
188473 188504
86111 86189
984976 985029
294962 294966
722472 722558
26193 26227
648539 648550
477619 477682
482628 482725
540291 540387
401684 401742
664684 664735
333456 333514
419891 419976
964538 964620
999309 999371
115664 115735
258840 258880
385676 385677
430195 430242
597339 597426
432 441 2898
1 2
865525 865572
3334 3344 1382
9392 9397 8284
49 5
808174 808257
575402 575410
379943 380007
303871 303885
19955 19965
367389 367396
834704 834739
203797 203888
272319 272345
673988 674057
559069 559133
750067 750069
436936 437036
248145 248235
776083 776127
93554 93610
1626 1634
288815 288836
946423 946509
879634 879711
997195 997217
572835 572934
238908 238940
639341 639367
742657 742685
57946 57971
369191 369203
510478 510504
195811 195834
805168 805261
412318 412391
72501 72596
600380 600395
828215 828269
470352 470400
29530 29577
471221 471286
815797 815826
895348 895385
221354 221358
284816 284916
456080 456138
603663 603672
492836 492862
757883 757938
804070 804170
229427 229497
100495 100554
754237 754298
9312 9322 2909
8842 8850 4129
7558 7562 609
2905 2907 8315
7260 7269 3966
41 2
987628 987679
976482 976535
336834 336870
623875 623960
536614 536658
640231 640303
771032 771124
292084 292156
754552 754629
753161 753193
321186 321281
745641 745683
322268 322323
897701 897758
234272 234315
119203 119302
572693 572729
41704 41782
919223 919301
449263 449351
682373 682418
854960 855017
691136 691179
998080 998119
910671 910711
857071 857127
561386 561449
522297 522351
969369 969466
35562 35602
930091 930107
941890 941973
799503 799548
445013 445038
165522 165549
690912 690959
16471 16494
850355 850414
209265 209299
185997 186032
116025 116044
8142 8143 8481
438 444 4201
36 2
367840 367916
784092 784174
276011 276105
326026 326049
818670 818770
131649 131682
888498 888569
88156 88208
888429 888501
587285 587311
450059 450120
150196 150296
897071 897148
708638 708676
509229 509252
603814 603883
808651 808708
703150 703211
487850 487877
322035 322106
553426 553461
848804 848827
634505 634516
180774 180808
267082 267092
113711 113803
504071 504077
551692 551785
608934 609015
408331 408394
328455 328551
511583 511588
432753 432837
738117 738171
276610 276613
259825 259861
6537 6547 8310
7394 7396 5436
29 3
769845 769934
95215 95282
630646 630704
224112 224192
939938 940032
874094 874138
677289 677365
921849 921890
116759 116776
63347 63367
752820 752843
739755 739763
980854 980871
29453 29548
529852 529883
437217 437265
132871 132954
606315 606384
728392 728470
35800 35881
495571 495664
969425 969484
811920 811945
799252 799282
583941 583991
354749 354761
218472 218528
668820 668845
655272 655344
4819 4822 755
8387 8397 9977
3522 3528 9845
0 0
