100
-211
-328
599
-458
-850
-364
321
720
-292
399
919
-95
109
-907
538
194
40
144
801
-628
69
-797
-461
-96
364
385
193
-104
279
-162
171
993
508
-231
-539
656
330
780
301
963
177
219
-134
-788
237
-670
404
-725
471
204
-428
-534
405
109
367
-305
-580
-514
516
697
321
-314
615
-245
453
-925
-664
-291
852
635
-330
-45
-147
461
165
-985
789
-505
-712
186
697
-142
649
28
892
-58
648
-690
426
162
932
-327
846
546
425
224
618
759
931
396
100
393
-400
-650
-828
986
440
-815
773
933
-529
-115
556
254
-467
-417
144
400
-770
379
-249
390
310
422
161
-146
-154
-616
-602
-396
-686
719
922
-162
994
-981
-250
433
-798
-478
292
-403
331
-153
776
789
355
-81
187
510
-703
936
-102
531
357
984
-689
-799
-633
-293
-270
-394
-648
-423
369
-655
-406
-883
703
-279
-436
-6
316
893
766
90
680
120
934
-134
-371
-844
-199
452
685
-916
435
994
-790
727
-373
-136
-669
-23
439
698
320
958
813
-51
-322
100
-698
941
918
-806
633
7
872
-321
-133
-336
306
-52
463
-317
-368
471
-956
-448
679
768
177
-458
-902
-920
906
721
325
863
459
-727
-461
759
-860
-544
951
771
388
748
-624
-819
-589
679
126
798
-712
683
268
-670
-767
-127
-903
335
339
-880
412
244
765
-264
32
223
-67
496
-19
-2
877
-142
-306
191
-395
68
370
-60
-327
-578
-263
-41
-897
-996
213
-666
-198
308
667
-860
352
5
308
116
665
-661
-735
-403
833
171
520
636
-972
-787
-174
-443
100
278
-805
495
949
-459
-842
-94
-358
-913
-882
-99
-113
351
-506
-49
-371
496
-742
743
87
-478
-993
609
-719
176
128
915
128
338
-260
610
-385
-140
31
-437
399
187
394
-960
272
437
-61
-842
-214
430
107
340
-148
290
8
937
810
13
545
-910
-886
-401
-996
167
935
-331
-224
-524
526
805
36
-76
-82
-644
-112
-811
790
752
-655
-498
108
376
840
958
-335
-153
821
-527
784
292
-439
823
888
-511
-84
822
156
690
-704
-392
421
257
529
-662
538
100
-657
-548
327
-906
-205
754
199
-903
519
156
-241
-708
-98
157
1001
-807
643
823
-920
-869
-262
826
211
-646
-879
817
700
303
345
963
-160
613
-586
-908
704
133
844
-98
228
362
983
912
578
-116
68
578
74
-291
399
79
-162
-937
-96
974
-659
-50
789
966
-748
60
927
16
-329
-733
106
-626
325
-51
201
-449
-764
183
-611
812
991
454
389
64
-838
-286
-931
-75
-299
-30
-103
-33
918
-388
-68
-905
670
-215
109
-733
-24
-786
-434
-700
88
765
100
-224
322
-127
162
60
-137
-385
-626
852
-298
13
919
625
712
-185
-552
-322
-269
58
534
-176
-347
-682
858
-82
219
-929
481
516
157
172
-709
-596
-956
451
389
-168
991
688
-317
-308
-301
-473
-685
-590
340
-312
12
996
743
-528
-254
-678
-285
-397
238
931
-401
-355
446
753
814
662
-917
783
111
397
-387
28
83
221
717
780
673
957
-884
-62
-356
53
-67
-687
523
603
-367
-764
-795
795
-834
-199
-561
537
-520
-821
198
-512
886
-765
883
-502
260
100
-108
644
-24
-329
242
-141
-289
-821
501
762
37
738
210
-361
-630
444
-159
-836
535
567
-473
71
-954
-369
-732
-468
-484
-500
-659
-61
685
230
-492
-340
826
748
517
-464
852
-56
-777
-112
-319
431
524
-25
-199
-709
64
-665
856
516
404
827
-855
597
-642
-414
-904
-376
522
779
852
-971
-635
603
702
807
-935
553
-324
-714
-633
355
642
889
-744
-558
-894
317
-298
887
-168
-895
713
-98
699
-930
485
720
-382
6
424
-604
-40
787
997
-412
519
-940
100
-933
-806
-729
-568
474
910
-754
727
-722
-650
-30
-23
-765
727
7
946
-373
-368
940
-889
-650
-516
42
699
-122
927
412
-127
-486
-70
-142
-421
49
127
-64
-552
-37
180
-899
238
454
69
-859
687
-205
146
559
347
702
425
456
-949
907
-576
748
-217
-650
159
581
-211
-986
-562
293
-12
563
-773
434
-549
405
533
687
-142
-472
753
-529
320
-175
954
-407
-474
305
973
-498
137
-604
-824
845
-330
332
425
457
271
788
-252
-742
350
-27
689
726
-696
100
148
412
86
673
91
555
-81
913
435
510
-562
-335
482
-136
800
802
38
644
-529
-704
-5
853
565
-218
-400
747
-942
498
362
781
799
-491
119
-189
-819
-792
-635
98
-953
724
-394
-590
-612
-986
272
-886
814
-692
756
-716
-398
-323
-865
-908
457
-340
837
513
-844
198
220
880
705
-663
-310
883
-457
-20
-20
-485
-370
511
-77
-57
522
-807
55
335
-501
-190
543
99
485
603
189
-132
-738
-48
-694
-657
-851
524
-851
851
859
-236
660
-672
668
-434
100
-159
-703
-925
761
237
522
952
-709
-217
-623
25
-675
474
-564
853
-412
301
-960
538
605
-619
611
128
-546
388
-88
143
47
238
-190
611
-996
31
611
763
-733
132
641
-517
912
-983
506
-837
416
866
-986
-997
166
-948
465
-303
-642
75
823
-263
-538
-339
877
434
823
-387
-29
825
642
-420
514
907
637
154
-685
475
169
746
562
-489
611
501
-562
-297
478
901
398
761
-98
146
-504
289
805
-701
-278
627
-90
618
451
-450
-876
-36
-617
685
-956
