2639.902340
683.999033
2275.991229
3487.983273
2515.872219
79.999915
1663.972263
579.990711
3863.992709
447.983619
2375.403044
1907.982640
3403.978589
1887.987058
2371.980455
2979.877563
1583.925557
895.922476
2183.964786
3999.876554
2183.894229
1339.982043
1863.798245
559.998334
1475.958313
1007.997533
2759.911745
7.999980
1115.991519
1287.990269
2007.926539
1539.964880
7.998901
3238.011682
2942.686076
3043.665481
2511.039518
1435.999446
2207.561419
443.998528
2755.992082
3791.970731
631.923155
1623.953566
247.997585
2930.059719
3855.910149
1975.975712
615.892993
379.997936
3871.694042
91.998296
3002.338742
119.997546
3989.215563
1651.992014
2947.893493
683.993134
2307.703347
431.995808
2959.987786
443.997650
1863.961197
2991.958974
1983.964333
3707.979885
791.998094
659.995811
3871.980943
3299.972462
1319.996466
3335.990756
2419.976950
463.996220
63.999384
3053.832494
3379.924092
3659.629086
1959.990807
2491.986568
1763.993075
99.771194
2675.972977
2363.914366
2851.960549
2607.980797
1911.886014
1803.948024
2691.982944
3283.430640
3035.963832
1727.913020
2103.939935
3119.868268
2083.968974
1423.989683
2751.904902
3547.967023
487.997243
3655.987554
