660 48 119 145 433 804267
171 376 915 699 88 480041
569 834 33 254 53 559783
872 430 398 884 945 875402
629 528 943 402 364 278588
20 390 22 502 115 427272
416 166 376 896 877 198261
145 812 881 96 496 796697
966 793 574 128 73 735301
112 61 45 128 425 913463
594 236 525 490 617 80517
477 156 452 938 1000 539174
851 38 499 989 96 669704
472 275 59 862 678 418652
593 709 116 280 243 475406
745 391 380 168 368 75971
396 134 556 81 309 938268
224 640 157 815 4 27424
546 259 795 271 195 316533
1000 585 194 719 143 212446
546 909 779 388 565 194409
335 731 546 996 745 378541
466 984 151 180 27 717971
140 794 580 165 295 961932
369 639 329 81 363 51944
252 661 200 990 240 887790
690 883 806 493 999 211763
2 463 148 503 433 342146
279 584 212 86 156 812133
322 188 155 811 546 379731
502 91 705 344 208 90641
385 657 733 904 104 119190
2 51 898 29 348 338749
827 75 401 30 806 243019
736 352 715 365 802 43612
761 793 297 702 786 611587
628 266 30 231 141 592673
359 291 236 35 165 894536
552 192 800 116 415 984629
111 94 455 967 715 802659
689 794 252 421 785 961233
948 304 683 667 957 234816
158 180 72 770 688 177263
406 156 341 11 695 637300
62 457 539 47 512 849954
734 867 604 204 901 711974
964 794 122 851 846 156750
494 748 860 709 788 360980
154 284 748 104 101 496377
95 506 106 640 440 707445
968 531 599 603 338 381512
23 822 19 827 614 101701
751 486 630 990 742 605327
30 314 529 619 495 97190
999 70 817 364 246 702920
413 777 560 831 561 410154
737 546 18 88 456 157739
171 200 816 443 170 169654
577 833 947 259 480 982566
108 58 899 772 290 942665
740 69 792 601 768 939948
111 395 775 668 252 649826
466 482 526 362 928 316336
748 597 855 264 571 675399
496 346 693 212 549 916669
927 724 912 177 503 817707
198 364 704 501 774 323238
165 874 787 878 533 876848
968 237 541 556 653 954143
825 410 993 477 392 221651
330 495 675 356 213 667830
834 362 514 843 548 945005
605 460 11 562 120 512419
116 868 932 387 5 670045
16 933 809 92 926 316868
777 208 187 728 855 939788
845 549 758 156 330 471598
915 108 407 118 507 863058
490 601 690 739 186 558309
623 627 57 65 700 686717
441 594 471 856 60 957172
25 72 57 257 299 29303
669 548 947 476 880 115936
591 186 552 697 178 126863
713 448 541 908 690 366334
652 900 100 277 934 547737
478 367 260 919 968 357228
451 531 859 295 350 544952
673 548 434 366 363 816677
821 228 238 744 808 325634
759 238 482 876 693 328374
432 625 958 988 573 174411
526 906 13 230 477 137429
780 959 260 678 673 34114
521 48 52 674 285 275416
356 819 225 768 258 651456
688 334 595 140 207 457739
887 684 675 435 13 520935
122 412 795 187 641 928931
914 57 721 451 370 979888
