20 2
999999 999564 999234 999123 999834 999544 999236 999133 999743 999422 999998 999534 999284 999123 999934 999644 999636 999633 999746 999462 
10
5 1 7 8 3 4 62947
3 9 15 18 7268
2 20 1 4381
7 16 14 18 6 5 12 10 12551
2 1 2 1991
3 19 17 14 8821
2 18 16 3466
4 15 19 20 4 15248
2 6 18 3499
6 3 2 5 7 10 11 19921
20 3
999999 999564 999234 999123 999834 999544 999236 999133 999743 999422 999998 999534 999284 999123 999934 999644 999636 999633 999746 999462 
10
5 2 7 8 3 4 62947
3 9 15 18 7268
2 20 1 4381
7 16 14 18 6 5 12 10 12551
2 1 2 1991
3 19 17 14 8821
2 18 16 3466
4 15 19 20 4 15248
2 6 18 3499
6 3 2 5 7 10 11 19921
20 4
999999 999564 999234 999123 999834 999544 999236 999133 999743 999422 999998 999534 999284 999123 999934 999644 999636 999633 999746 999462 
10
5 2 7 8 3 4 62947
3 9 15 18 7268
2 20 1 4381
7 16 14 18 6 5 12 10 12551
2 1 2 1991
3 19 17 14 8821
2 18 16 3466
4 15 19 20 4 15248
2 6 18 3499
6 3 2 5 7 10 11 19921
20 5
999999 999564 999234 999123 999834 999544 999236 999133 999743 999422 999998 999534 999284 999123 999934 999644 999636 999633 999746 999462 
10
5 2 7 8 3 4 62947
3 9 15 18 7268
2 20 1 4381
7 16 14 18 6 5 12 10 12551
2 1 2 1991
3 19 17 14 8821
2 18 16 3466
4 15 19 20 4 15248
2 6 18 3499
6 3 2 5 7 10 11 19921
20 6
999999 999564 999234 999123 999834 999544 999236 999133 999743 999422 999998 999534 999284 999123 999934 999644 999636 999633 999746 999462 
10
5 2 7 8 3 4 62947
3 9 15 18 7268
2 20 1 4381
7 16 14 18 6 5 12 10 12551
2 1 2 1991
3 19 17 14 8821
2 18 16 3466
4 15 19 20 4 15248
2 6 18 3499
6 3 2 5 7 10 11 19921
20 7
999999 999564 999234 999123 999834 999544 999236 999133 999743 999422 999998 999534 999284 999123 999934 999644 999636 999633 999746 999462 
10
5 2 7 8 3 4 62947
3 9 15 18 7268
2 20 1 4381
7 16 14 18 6 5 12 10 12551
2 1 2 1991
3 19 17 14 8821
2 18 16 3466
4 15 19 20 4 15248
2 6 18 3499
6 3 2 5 7 10 11 19921
20 8
999999 999564 999234 999123 999834 999544 999236 999133 999743 999422 999998 999534 999284 999123 999934 999644 999636 999633 999746 999462 
10
5 2 7 8 3 4 62947
3 9 15 18 7268
2 20 1 4381
7 16 14 18 6 5 12 10 12551
2 1 2 1991
3 19 17 14 8821
2 18 16 3466
4 15 19 20 4 15248
2 6 18 3499
6 3 2 5 7 10 11 19921
20 9
999999 999564 999234 999123 999834 999544 999236 999133 999743 999422 999998 999534 999284 999123 999934 999644 999636 999633 999746 999462 
10
5 2 7 8 3 4 62947
3 9 15 18 7268
2 20 1 4381
7 16 14 18 6 5 12 10 12551
2 1 2 1991
3 19 17 14 8821
2 18 16 3466
4 15 19 20 4 15248
2 6 18 3499
6 3 2 5 7 10 11 19921
20 10
999999 999564 999234 999123 999834 999544 999236 999133 999743 999422 999998 999534 999284 999123 999934 999644 999636 999633 999746 999462 
10
5 2 7 8 3 4 62947
3 9 15 18 7268
2 20 1 4381
7 16 14 18 6 5 12 10 12551
2 1 2 1991
3 19 17 14 8821
2 18 16 3466
4 15 19 20 4 15248
2 6 18 3499
6 3 2 5 7 10 11 19921
20 11
999999 999564 999234 999123 999834 999544 999236 999133 999743 999422 999998 999534 999284 999123 999934 999644 999636 999633 999746 999462 
10
5 2 7 8 3 4 62947
3 9 15 18 7268
2 20 1 4381
7 16 14 18 6 5 12 10 12551
2 1 2 1991
3 19 17 14 8821
2 18 16 3466
4 15 19 20 4 15248
2 6 18 3499
6 3 2 5 7 10 11 19921
20 12
999999 999564 999234 999123 999834 999544 999236 999133 999743 999422 999998 999534 999284 999123 999934 999644 999636 999633 999746 999462 
10
5 2 7 8 3 4 62947
3 9 15 18 7268
2 20 1 4381
7 16 14 18 6 5 12 10 12551
2 1 2 1991
3 19 17 14 8821
2 18 16 3466
4 15 19 20 4 15248
2 6 18 3499
6 3 2 5 7 10 11 19921
20 13
999999 999564 999234 999123 999834 999544 999236 999133 999743 999422 999998 999534 999284 999123 999934 999644 999636 999633 999746 999462 
10
5 2 7 8 3 4 62947
3 9 15 18 7268
2 20 1 4381
7 16 14 18 6 5 12 10 12551
2 1 2 1991
3 19 17 14 8821
2 18 16 3466
4 15 19 20 4 15248
2 6 18 3499
6 3 2 5 7 10 11 19921
20 14
999999 999564 999234 999123 999834 999544 999236 999133 999743 999422 999998 999534 999284 999123 999934 999644 999636 999633 999746 999462 
10
5 2 7 8 3 4 62947
3 9 15 18 7268
2 20 1 4381
7 16 14 18 6 5 12 10 12551
2 1 2 1991
3 19 17 14 8821
2 18 16 3466
4 15 19 20 4 15248
2 6 18 3499
6 3 2 5 7 10 11 19921
20 15
999999 999564 999234 999123 999834 999544 999236 999133 999743 999422 999998 999534 999284 999123 999934 999644 999636 999633 999746 999462 
10
5 2 7 8 3 4 62947
3 9 15 18 7268
2 20 1 4381
7 16 14 18 6 5 12 10 12551
2 1 2 1991
3 19 17 14 8821
2 18 16 3466
4 15 19 20 4 15248
2 6 18 3499
6 3 2 5 7 10 11 19921
20 16
999999 999564 999234 999123 999834 999544 999236 999133 999743 999422 999998 999534 999284 999123 999934 999644 999636 999633 999746 999462 
10
5 2 7 8 3 4 62947
3 9 15 18 7268
2 20 1 4381
7 16 14 18 6 5 12 10 12551
2 1 2 1991
3 19 17 14 8821
2 18 16 3466
4 15 19 20 4 15248
2 6 18 3499
6 3 2 5 7 10 11 19921
20 17
999999 999564 999234 999123 999834 999544 999236 999133 999743 999422 999998 999534 999284 999123 999934 999644 999636 999633 999746 999462 
10
5 2 7 8 3 4 62947
3 9 15 18 7268
2 20 1 4381
7 16 14 18 6 5 12 10 12551
2 1 2 1991
3 19 17 14 8821
2 18 16 3466
4 15 19 20 4 15248
2 6 18 3499
6 3 2 5 7 10 11 19921
20 18
999999 999564 999234 999123 999834 999544 999236 999133 999743 999422 999998 999534 999284 999123 999934 999644 999636 999633 999746 999462 
10
5 2 7 8 3 4 62947
3 9 15 18 7268
2 20 1 4381
7 16 14 18 6 5 12 10 12551
2 1 2 1991
3 19 17 14 8821
2 18 16 3466
4 15 19 20 4 15248
2 6 18 3499
6 3 2 5 7 10 11 19921
20 19
999999 999564 999234 999123 999834 999544 999236 999133 999743 999422 999998 999534 999284 999123 999934 999644 999636 999633 999746 999462 
10
5 2 7 8 3 4 62947
3 9 15 18 7268
2 20 1 4381
7 16 14 18 6 5 12 10 12551
2 1 2 1991
3 19 17 14 8821
2 18 16 3466
4 15 19 20 4 15248
2 6 18 3499
6 3 2 5 7 10 11 19921
20 20
999999 999564 999234 999123 999834 999544 999236 999133 999743 999422 999998 999534 999284 999123 999934 999644 999636 999633 999746 999462 
10
5 2 7 8 3 4 62947
3 9 15 18 7268
2 20 1 4381
7 16 14 18 6 5 12 10 12551
2 1 2 1991
3 19 17 14 8821
2 18 16 3466
4 15 19 20 4 15248
2 6 18 3499
6 3 2 5 7 10 11 19921
0 0
