
    20 20
    12 4
    6 11
    17 7
    10 7
    7 17
    10 16
    14 16
    19 15                                                                                                         10 13
    9 17                                                                                                          18 2
    10 12                                                                                                         8 18
    9 19
    9 15                                                                                                          17 8
    5 15                                                                                                          12 17
    19 11
    4 3
    0 0
