19176
19114
19062
19148
19124
19178
19142
19172
19178
19146
19080
19184
19160
19216
19176
19074
19090
19112
19154
19108
19188
19136
19132
19156
19154
19200
19136
19122
19178
19122
19070
19128
19018
19080
19154
19072
19160
19228
19150
19184
19178
19162
19158
19150
19154
19142
19172
19200
19166
19196
19138
19164
19094
19164
19190
19176
19170
19150
19160
19130
19196
19120
19094
19196
19110
19124
19166
19248
19184
19136
19112
19190
19134
19174
19190
19104
19154
19056
19162
19072
19192
19186
19108
19146
19156
19130
19170
19048
19138
19118
19124
19164
19188
19168
19130
19100
19132
19170
19132
19128
