13 45
3 10 -844470508
2 12 -844470508
3 13 -844470508
8 3 -844470508
3 1 -844470508
2 9 -844470508
13 4 -844470508
3 6 -844470508
10 5 -844470508
11 5 -844470508
8 2 -844470508
5 9 -844470508
11 1 -844470508
8 1 -844470508
11 12 -844470508
10 9 -844470508
7 1 -844470508
9 9 -844470508
13 4 -844470508
13 3 -844470508
4 4 -844470508
13 5 -844470508
9 2 -844470508
12 6 -844470508
8 12 -844470508
12 4 -844470508
13 4 -1359146891
4 8 -1359146891
12 4 -1359146891
7 11 -1359146891
12 13 -1359146891
13 10 -1359146891
11 12 -1359146891
13 12 -1359146891
3 5 -1359146891
2 2 -1359146891
11 13 -1359146891
5 10 -1359146891
5 1 -1359146891
10 5 -1359146891
4 9 -1359146891
8 4 -1359146891
9 1 -1359146891
12 9 -1359146891
4 5 -1359146891
5 15
5 1 -777415826
1 4 -777415826
5 1 -777415826
3 3 -777415826
1 4 -777415826
1 4 -777415826
3 4 -777415826
4 3 -777415826
2 3 -777415826
2 5 -777415826
1 5 -777415826
3 3 -777415826
5 5 -777415826
5 1 -777415826
3 4 -777415826
12 69
6 8 134996745
6 12 134996745
7 7 134996745
2 5 134996745
4 10 134996745
9 2 134996745
5 5 134996745
1 10 134996745
3 11 134996745
11 2 134996745
10 6 134996745
12 4 134996745
2 9 134996745
9 3 134996745
1 6 134996745
11 11 134996745
7 4 134996745
2 5 134996745
3 7 134996745
2 10 134996745
5 10 134996745
4 9 134996745
2 4 134996745
10 4 134996745
2 8 134996745
9 3 134996745
5 8 -1849636794
5 7 -1849636794
1 9 -1849636794
12 11 -1849636794
11 10 -1849636794
7 4 -1849636794
2 1 -1849636794
11 3 -1849636794
10 3 -1849636794
4 1 -1849636794
11 9 -1849636794
9 8 -1849636794
12 2 -1849636794
8 8 -1849636794
9 12 -1849636794
8 7 -1849636794
10 12 -1849636794
1 11 -1849636794
12 4 -1849636794
1 11 -1849636794
1 11 -1849636794
6 6 -1849636794
11 4 -1849636794
1 1 -1849636794
6 8 -1849636794
5 8 -1849636794
5 1 6432547
7 3 6432547
4 3 6432547
2 11 6432547
9 4 6432547
2 1 6432547
2 5 6432547
4 6 6432547
3 8 6432547
5 9 6432547
5 3 6432547
4 9 6432547
7 10 6432547
5 12 6432547
5 9 6432547
12 12 6432547
4 10 6432547
6 15
3 6 185565182
6 4 185565182
1 1 185565182
3 1 185565182
6 1 185565182
1 3 185565182
2 5 185565182
5 2 185565182
2 3 185565182
5 4 185565182
5 3 185565182
2 1 185565182
6 1 185565182
5 4 185565182
6 2 185565182
9 28
3 9 168682342
2 8 168682342
8 5 168682342
1 1 168682342
3 9 168682342
1 5 168682342
6 5 168682342
3 5 168682342
7 5 168682342
8 7 168682342
3 1 168682342
4 9 168682342
9 1 168682342
8 6 168682342
4 9 168682342
4 9 168682342
3 5 168682342
5 8 168682342
9 3 168682342
9 3 168682342
2 9 168682342
7 7 168682342
4 7 168682342
1 9 168682342
2 6 168682342
6 3 168682342
6 7 141152084
7 7 141152084
9 22
8 4 1247000550
3 6 1247000550
3 2 1247000550
6 4 1247000550
8 2 1247000550
9 2 1247000550
8 9 1247000550
1 8 1247000550
5 4 1247000550
1 9 1247000550
8 9 1247000550
2 6 1247000550
4 1 1247000550
3 6 1247000550
3 8 1247000550
9 7 1247000550
8 2 1247000550
2 1 1247000550
1 5 1247000550
4 8 1247000550
6 3 1247000550
8 3 1247000550
9 79
8 8 1513640631
5 3 1513640631
9 6 1513640631
4 2 1513640631
2 4 1513640631
9 9 1513640631
9 7 1513640631
1 1 1513640631
7 9 1513640631
5 9 1513640631
5 9 1513640631
2 1 1513640631
2 2 1513640631
7 9 1513640631
4 5 1513640631
5 5 1513640631
1 9 1513640631
7 8 1513640631
3 1 1513640631
9 5 1513640631
3 9 1513640631
4 2 1513640631
4 2 1513640631
9 2 1513640631
8 4 1513640631
1 4 1513640631
3 9 -230311009
8 8 -230311009
1 2 -230311009
1 5 -230311009
4 9 -230311009
2 2 -230311009
7 5 -230311009
2 6 -230311009
7 2 -230311009
3 1 -230311009
3 7 -230311009
9 9 -230311009
6 8 -230311009
4 4 -230311009
9 4 -230311009
3 1 -230311009
4 9 -230311009
7 4 -230311009
8 5 -230311009
7 3 -230311009
4 8 -230311009
4 8 -230311009
1 3 -230311009
3 7 -230311009
3 5 -230311009
7 3 -230311009
9 5 201550835
3 4 201550835
8 9 201550835
7 9 201550835
7 8 201550835
6 4 201550835
3 4 201550835
9 7 201550835
4 1 201550835
3 7 201550835
9 4 201550835
8 2 201550835
1 1 201550835
4 6 201550835
3 4 201550835
1 5 201550835
6 1 201550835
8 5 201550835
7 4 201550835
2 4 201550835
2 7 201550835
8 2 201550835
8 5 201550835
6 3 201550835
5 9 201550835
7 4 201550835
1 3 -517867427
12 26
10 2 -599633375
3 6 -599633375
2 9 -599633375
12 4 -599633375
4 11 -599633375
2 12 -599633375
2 1 -599633375
2 4 -599633375
7 3 -599633375
1 2 -599633375
11 10 -599633375
2 10 -599633375
9 5 -599633375
11 12 -599633375
11 12 -599633375
6 11 -599633375
1 8 -599633375
8 6 -599633375
5 7 -599633375
10 12 -599633375
9 3 -599633375
3 2 -599633375
3 4 -599633375
10 1 -599633375
10 10 -599633375
3 12 -599633375
9 56
3 3 -1345025818
3 1 -1345025818
1 6 -1345025818
9 8 -1345025818
3 2 -1345025818
9 9 -1345025818
2 3 -1345025818
6 7 -1345025818
2 9 -1345025818
8 6 -1345025818
2 9 -1345025818
9 1 -1345025818
6 6 -1345025818
5 7 -1345025818
8 5 -1345025818
7 1 -1345025818
9 7 -1345025818
8 7 -1345025818
1 5 -1345025818
3 4 -1345025818
4 9 -1345025818
1 5 -1345025818
3 6 -1345025818
2 2 -1345025818
4 7 -1345025818
7 5 -1345025818
7 4 1546237595
1 5 1546237595
7 6 1546237595
9 2 1546237595
4 7 1546237595
9 3 1546237595
2 7 1546237595
5 5 1546237595
1 9 1546237595
2 2 1546237595
4 2 1546237595
5 4 1546237595
3 6 1546237595
1 7 1546237595
8 5 1546237595
2 1 1546237595
5 9 1546237595
3 9 1546237595
5 1 1546237595
2 9 1546237595
7 8 1546237595
9 8 1546237595
5 4 1546237595
1 4 1546237595
3 1 1546237595
3 5 1546237595
2 7 -1283846155
4 6 -1283846155
9 9 -1283846155
2 8 -1283846155
10 58
7 1 797700150
2 3 797700150
7 4 797700150
9 2 797700150
9 2 797700150
7 8 797700150
5 10 797700150
9 9 797700150
4 4 797700150
1 1 797700150
7 1 797700150
1 6 797700150
8 2 797700150
4 6 797700150
3 2 797700150
6 3 797700150
5 7 797700150
6 3 797700150
2 6 797700150
4 1 797700150
9 3 797700150
10 4 797700150
2 8 797700150
4 7 797700150
3 4 797700150
7 9 797700150
6 8 -1337348914
1 10 -1337348914
1 3 -1337348914
1 8 -1337348914
8 7 -1337348914
7 5 -1337348914
9 10 -1337348914
2 4 -1337348914
10 2 -1337348914
6 1 -1337348914
5 10 -1337348914
10 10 -1337348914
6 2 -1337348914
3 3 -1337348914
3 9 -1337348914
2 7 -1337348914
5 2 -1337348914
6 5 -1337348914
7 8 -1337348914
5 4 -1337348914
4 3 -1337348914
10 4 -1337348914
2 1 -1337348914
7 4 -1337348914
4 3 -1337348914
4 1 -1337348914
2 4 -111659229
7 3 -111659229
1 9 -111659229
3 4 -111659229
7 7 -111659229
6 4 -111659229
9 24
5 3 648795751
8 6 648795751
1 2 648795751
7 2 648795751
7 1 648795751
1 9 648795751
1 2 648795751
1 2 648795751
9 5 648795751
5 5 648795751
5 9 648795751
1 1 648795751
4 1 648795751
8 2 648795751
2 1 648795751
5 9 648795751
1 1 648795751
4 1 648795751
9 1 648795751
1 4 648795751
1 1 648795751
3 8 648795751
9 2 648795751
1 8 648795751
10 5
4 9 -882495933
10 2 -882495933
7 3 -882495933
9 10 -882495933
6 2 -882495933
11 52
8 10 376134710
1 6 376134710
10 9 376134710
5 6 376134710
4 11 376134710
4 8 376134710
9 4 376134710
9 9 376134710
9 3 376134710
4 7 376134710
10 6 376134710
6 9 376134710
2 11 376134710
8 11 376134710
9 2 376134710
9 5 376134710
6 10 376134710
10 2 376134710
5 1 376134710
7 6 376134710
9 8 376134710
2 6 376134710
11 8 376134710
4 6 376134710
9 5 376134710
1 7 376134710
10 4 678634498
2 10 678634498
7 10 678634498
11 4 678634498
1 3 678634498
11 8 678634498
4 2 678634498
8 8 678634498
8 3 678634498
2 7 678634498
9 11 678634498
4 1 678634498
5 1 678634498
3 4 678634498
7 1 678634498
5 11 678634498
7 6 678634498
7 2 678634498
3 6 678634498
4 3 678634498
7 1 678634498
11 8 678634498
3 5 678634498
3 8 678634498
6 4 678634498
3 3 678634498
11 43
4 3 140487980
1 11 140487980
8 5 140487980
6 3 140487980
5 8 140487980
6 8 140487980
8 1 140487980
6 5 140487980
7 8 140487980
8 7 140487980
2 2 140487980
10 5 140487980
2 9 140487980
8 2 140487980
3 1 140487980
2 9 140487980
11 11 140487980
6 7 140487980
4 11 140487980
7 8 140487980
5 1 140487980
2 11 140487980
11 8 140487980
4 4 140487980
2 9 140487980
10 4 140487980
8 6 28584693
3 2 28584693
10 3 28584693
2 9 28584693
9 1 28584693
8 4 28584693
5 10 28584693
1 9 28584693
6 6 28584693
10 8 28584693
5 7 28584693
2 6 28584693
10 3 28584693
2 8 28584693
4 9 28584693
11 9 28584693
7 3 28584693
2 71
1 1 -821420566
1 1 -821420566
2 1 -821420566
1 2 -821420566
2 1 -821420566
2 2 -821420566
2 2 -821420566
1 2 -821420566
2 1 -821420566
2 2 -821420566
2 1 -821420566
2 1 -821420566
2 2 -821420566
2 1 -821420566
2 2 -821420566
1 2 -821420566
2 1 -821420566
2 2 -821420566
1 2 -821420566
1 1 -821420566
2 2 -821420566
2 1 -821420566
1 2 -821420566
2 2 -821420566
2 1 -821420566
1 2 -821420566
2 1 -1399354143
2 1 -1399354143
1 1 -1399354143
2 1 -1399354143
2 2 -1399354143
1 2 -1399354143
1 2 -1399354143
1 1 -1399354143
2 1 -1399354143
2 1 -1399354143
1 2 -1399354143
1 1 -1399354143
1 2 -1399354143
1 2 -1399354143
1 2 -1399354143
2 1 -1399354143
1 1 -1399354143
1 1 -1399354143
2 1 -1399354143
2 1 -1399354143
2 2 -1399354143
2 2 -1399354143
1 1 -1399354143
2 2 -1399354143
1 1 -1399354143
1 1 -1399354143
2 1 1900313298
2 2 1900313298
1 1 1900313298
1 2 1900313298
1 1 1900313298
1 1 1900313298
2 2 1900313298
1 1 1900313298
2 2 1900313298
2 2 1900313298
1 1 1900313298
2 2 1900313298
2 2 1900313298
2 2 1900313298
2 1 1900313298
2 1 1900313298
1 2 1900313298
2 1 1900313298
2 2 1900313298
3 80
1 1 -1794297663
1 1 -1794297663
1 1 -1794297663
3 1 -1794297663
1 3 -1794297663
3 3 -1794297663
1 3 -1794297663
1 2 -1794297663
2 1 -1794297663
1 1 -1794297663
1 2 -1794297663
3 2 -1794297663
1 3 -1794297663
3 2 -1794297663
3 1 -1794297663
2 1 -1794297663
1 3 -1794297663
2 2 -1794297663
2 2 -1794297663
3 3 -1794297663
2 2 -1794297663
2 3 -1794297663
2 3 -1794297663
2 1 -1794297663
1 2 -1794297663
2 1 -1794297663
1 1 -1775127334
3 2 -1775127334
3 3 -1775127334
3 2 -1775127334
1 1 -1775127334
3 3 -1775127334
3 1 -1775127334
2 2 -1775127334
3 3 -1775127334
1 2 -1775127334
2 3 -1775127334
2 1 -1775127334
3 3 -1775127334
2 2 -1775127334
1 2 -1775127334
3 2 -1775127334
1 3 -1775127334
1 3 -1775127334
1 3 -1775127334
2 1 -1775127334
1 1 -1775127334
3 3 -1775127334
1 1 -1775127334
2 2 -1775127334
1 3 -1775127334
1 3 -1775127334
3 3 1392633831
2 3 1392633831
1 2 1392633831
3 1 1392633831
1 3 1392633831
2 1 1392633831
3 2 1392633831
1 1 1392633831
2 2 1392633831
2 3 1392633831
2 3 1392633831
3 1 1392633831
1 1 1392633831
1 1 1392633831
1 3 1392633831
1 2 1392633831
3 2 1392633831
1 3 1392633831
3 3 1392633831
2 3 1392633831
3 3 1392633831
1 2 1392633831
1 3 1392633831
1 3 1392633831
1 3 1392633831
2 2 1392633831
2 3 -434620454
3 3 -434620454
8 57
1 7 1878012237
8 6 1878012237
7 5 1878012237
1 7 1878012237
8 6 1878012237
3 7 1878012237
4 2 1878012237
3 5 1878012237
1 8 1878012237
6 8 1878012237
7 5 1878012237
2 6 1878012237
6 6 1878012237
7 4 1878012237
5 7 1878012237
2 3 1878012237
2 1 1878012237
8 1 1878012237
5 8 1878012237
7 4 1878012237
5 1 1878012237
2 8 1878012237
3 5 1878012237
4 3 1878012237
4 2 1878012237
2 2 1878012237
6 3 -1422887998
1 5 -1422887998
6 5 -1422887998
4 8 -1422887998
7 5 -1422887998
8 6 -1422887998
5 5 -1422887998
6 3 -1422887998
8 2 -1422887998
4 2 -1422887998
2 6 -1422887998
6 5 -1422887998
8 1 -1422887998
6 2 -1422887998
2 3 -1422887998
4 8 -1422887998
6 4 -1422887998
5 3 -1422887998
1 8 -1422887998
2 7 -1422887998
4 2 -1422887998
5 1 -1422887998
6 2 -1422887998
3 5 -1422887998
3 6 -1422887998
6 4 -1422887998
3 3 -563266464
3 6 -563266464
4 4 -563266464
1 7 -563266464
4 6 -563266464
6 48
5 6 733072640
5 3 733072640
6 6 733072640
6 5 733072640
6 3 733072640
6 4 733072640
6 3 733072640
2 6 733072640
5 5 733072640
2 2 733072640
4 2 733072640
2 1 733072640
3 4 733072640
2 4 733072640
4 4 733072640
1 1 733072640
6 5 733072640
1 3 733072640
2 1 733072640
5 2 733072640
1 5 733072640
5 6 733072640
5 6 733072640
6 3 733072640
2 5 733072640
2 4 733072640
4 3 126035875
5 4 126035875
1 2 126035875
1 2 126035875
6 4 126035875
4 1 126035875
5 4 126035875
1 3 126035875
5 1 126035875
5 1 126035875
4 3 126035875
4 1 126035875
3 4 126035875
5 4 126035875
1 2 126035875
5 2 126035875
5 3 126035875
3 6 126035875
2 4 126035875
5 2 126035875
5 6 126035875
2 3 126035875
15 70
7 1 -2092940860
14 13 -2092940860
5 13 -2092940860
13 10 -2092940860
6 8 -2092940860
1 13 -2092940860
6 8 -2092940860
7 12 -2092940860
2 14 -2092940860
10 10 -2092940860
13 11 -2092940860
8 2 -2092940860
12 7 -2092940860
8 14 -2092940860
10 14 -2092940860
6 12 -2092940860
7 11 -2092940860
9 11 -2092940860
1 13 -2092940860
12 6 -2092940860
5 12 -2092940860
10 3 -2092940860
12 1 -2092940860
6 5 -2092940860
6 15 -2092940860
15 4 -2092940860
2 14 -1701183341
5 5 -1701183341
3 6 -1701183341
10 1 -1701183341
3 1 -1701183341
11 3 -1701183341
3 11 -1701183341
1 15 -1701183341
8 12 -1701183341
3 2 -1701183341
14 14 -1701183341
9 4 -1701183341
4 15 -1701183341
10 10 -1701183341
10 12 -1701183341
8 13 -1701183341
9 4 -1701183341
9 12 -1701183341
10 4 -1701183341
12 12 -1701183341
11 14 -1701183341
14 14 -1701183341
2 6 -1701183341
5 9 -1701183341
3 7 -1701183341
11 8 -1701183341
13 4 -783115488
10 13 -783115488
2 4 -783115488
1 9 -783115488
9 10 -783115488
4 2 -783115488
13 13 -783115488
12 1 -783115488
1 8 -783115488
14 7 -783115488
13 15 -783115488
12 2 -783115488
9 6 -783115488
15 11 -783115488
14 12 -783115488
6 9 -783115488
12 1 -783115488
6 5 -783115488
11 57
11 6 1474458777
2 1 1474458777
2 11 1474458777
11 2 1474458777
5 8 1474458777
5 10 1474458777
5 5 1474458777
9 4 1474458777
10 5 1474458777
5 8 1474458777
2 10 1474458777
1 7 1474458777
1 7 1474458777
11 6 1474458777
8 10 1474458777
9 6 1474458777
9 8 1474458777
7 10 1474458777
7 6 1474458777
10 11 1474458777
1 3 1474458777
8 3 1474458777
5 5 1474458777
6 3 1474458777
9 9 1474458777
8 8 1474458777
5 7 -711431283
2 3 -711431283
6 9 -711431283
10 3 -711431283
4 8 -711431283
9 8 -711431283
4 4 -711431283
2 11 -711431283
2 11 -711431283
11 9 -711431283
3 4 -711431283
11 6 -711431283
4 6 -711431283
1 1 -711431283
2 5 -711431283
7 4 -711431283
6 6 -711431283
6 11 -711431283
1 3 -711431283
3 4 -711431283
10 9 -711431283
11 11 -711431283
1 11 -711431283
9 2 -711431283
8 8 -711431283
10 8 -711431283
1 7 137121017
1 1 137121017
2 2 137121017
4 6 137121017
6 9 137121017
0 0
