6988 8413
8877
9948
7862
5161
8518
434
9460
7939
3825
2362
5033
6605
2583
5945
8290
4747
4028
7891
8466
1956
1908
9758
8988
3702
7030
964
2894
8082
7420
9881
2846
2648
6180
7059
7808
1050
7493
3619
8988
1317
2332
372
7922
4914
2668
2563
6013
6695
6806
4478
5002
5065
588
341
5118
3969
1305
8012
2050
8724
7892
4896
1371
4072
1954
5530
5121
5798
5501
460
7115
7832
831
1388
9098
3498
302
5110
6545
7107
9587
1546
2171
174
1887
7289
4143
3191
5300
2544
8266
3191
3791
5988
3614
2097
1517
8734
7894
3369
5545
1360
1201
6375
2747
298
6225
3049
1759
2769
6507
1345
4314
8678
7871
6200
2318
8365
5742
3969
908
4007
7159
1051
9994
7125
3147
7863
2210
1040
1231
7755
8752
8783
481
7850
5432
6705
7250
7190
5825
3757
4887
6491
8786
9109
2690
1103
7473
4784
5071
4732
8790
8581
5782
5136
2057
5280
9350
4267
2672
6932
2021
1423
5715
8853
9272
7498
5558
6522
4688
7734
6630
5926
4224
5415
5034
3266
2869
8858
8049
4291
9941
3190
2871
5723
4677
1280
1002
4026
5546
3673
958
3918
1447
3024
2770
719
521
4679
3592
1560
2413
221
3837
6636
5635
5222
6253
4855
4079
4301
9145
4020
3843
8367
6094
8519
9646
3447
8897
5191
7120
6206
9108
4918
9229
8230
5636
6101
2908
5579
7661
1672
5799
7849
4660
7785
3071
912
2639
3501
1565
1783
3872
5407
150
9965
277
9795
3412
9173
1338
6883
5378
445
1800
958
5026
3788
7059
7934
9366
1071
5957
1517
8919
616
9301
8341
7880
1940
1842
9444
74
5713
1202
6575
2030
1478
6370
1793
7003
7707
5027
2380
4503
3178
9690
9529
6965
6748
3814
2683
4170
6122
4199
3088
3090
3499
1429
969
1790
9622
6764
8216
1686
4317
4790
3715
5794
7511
5507
9148
5217
6885
7880
6072
63
7569
1952
7027
668
5765
6061
4837
1886
259
7924
4975
110
5704
2295
8251
1677
9058
2818
3363
3374
7608
7077
5520
5118
8936
1019
6687
5820
8898
2758
2234
2818
4709
9261
3485
6825
1673
8321
5062
8284
2597
6389
8393
4652
8683
2995
6329
4093
5813
9691
3818
3420
3119
5689
4889
2054
6708
7927
4226
1957
7036
6459
4775
8096
2071
8259
4920
3744
6580
6334
2027
5528
2722
6771
179
7756
6117
6507
8200
1929
6197
8370
1700
9316
4058
2941
7721
7117
867
8298
5426
7903
1109
200
5998
3179
4810
7270
3274
7741
3603
1652
3268
2676
4774
3447
6783
891
6305
4983
9171
2502
9704
871
8169
113
163
2241
7230
1029
539
2655
5283
7999
9206
7633
7529
4015
4902
7155
1756
4856
5158
1375
3883
9932
4821
665
7174
7478
1999
6344
9979
8054
3566
4499
8167
80
3091
1748
7461
9981
754
2743
7979
9959
375
5508
325
1628
2662
2080
2835
7819
9807
6717
4102
4627
3734
7627
8456
2084
323
8434
138
240
9284
8304
320
2375
51
7780
2355
804
522
6686
7114
7249
2193
7438
5228
1206
5870
8063
5376
5676
1131
9478
6654
1216
3456
5110
3300
3778
9895
9789
4018
5531
4444
4337
7905
846
8468
6611
8001
8989
3296
5114
2589
1840
2551
7817
9397
4772
5879
4773
447
3361
602
3453
4577
4057
8562
4228
7835
4808
4016
8204
338
4811
2540
4594
5656
1007
1205
3656
6347
852
8769
5288
9044
7671
3104
8440
8795
5334
9564
9241
8694
165
9045
9622
574
3958
3849
8408
8766
4216
2963
9103
5378
5502
49
1033
2860
1253
4688
5558
8456
9808
845
3851
3831
300
2291
2625
5633
8206
8217
679
8371
7262
6652
5296
1219
6853
55
6336
7420
3017
1791
2798
8518
1839
3830
7729
9443
4870
3286
7898
1029
483
8101
4859
782
391
3835
2767
4948
2052
9797
9670
5665
2800
4965
6883
9652
5019
9571
7072
8035
1361
9869
2904
3199
3698
6984
8993
4919
6622
3242
5948
7104
1342
7158
4237
1732
993
3355
3032
3044
9503
2701
8708
2303
7666
1942
1954
9036
1512
9025
3423
9224
5245
6326
8774
5295
9662
7766
213
6283
1008
6160
9738
2349
3318
326
433
662
3681
3464
3705
3183
6164
8764
1837
181
705
3791
9217
8569
9167
2639
7792
4412
5316
6566
9706
4977
4331
6270
7611
1690
8782
7348
4039
2099
7674
4471
2760
7706
4286
2816
7240
449
1579
9077
6982
8635
9219
2550
7203
4737
5188
1347
5500
6855
7912
1557
8184
8594
7827
5794
284
6608
9494
674
5058
3519
1496
4169
1224
5781
6984
4815
2581
4914
243
9562
3548
9461
2111
7103
550
3650
8449
6049
505
2712
7606
8688
1305
5432
4481
7940
2039
326
8613
3448
3844
108
7616
5067
2240
951
6234
4821
5864
6476
4382
5763
2289
6493
2865
2838
6494
7665
5238
6998
376
2843
2037
1681
8274
2870
5972
6664
3195
937
111
7039
7396
4078
8457
9636
5028
4690
4456
7243
7518
8837
3006
6158
1681
2222
5347
8175
9887
584
1524
262
3427
3561
8294
8052
6430
4266
1068
5976
1554
7530
3014
8949
1608
7823
8584
2987
2512
3039
230
6381
8228
9587
2538
6260
1808
4236
786
8046
4820
2310
8308
4598
2222
2953
2649
5003
3570
3716
978
5123
1246
344
4072
9205
8166
2655
2191
7029
2046
2420
3410
273
8358
2299
2884
166
6535
3670
4563
7706
5979
2870
2303
4552
2175
4951
9554
5744
5019
6883
867
2616
7226
1290
8172
5391
3944
362
8772
2341
9134
2181
8965
7491
831
1849
4008
3717
5518
8571
1422
7848
7792
3724
2399
9966
5027
1952
2062
6397
5186
2928
5364
2412
4217
3535
4154
4512
248
2925
6853
9381
1457
5817
3224
8640
4017
7231
2356
9534
2153
130
7381
6297
205
9779
2614
1583
8082
4675
7979
3268
3954
9694
2031
4522
3228
2536
5386
3476
5461
2238
9208
3269
4406
2431
8260
8423
6014
616
4308
4518
7097
1689
814
7301
7819
3428
5236
5901
8102
3214
5520
8408
9260
7550
2929
8839
85
8314
8666
1897
6903
7874
1518
7661
6656
9777
2435
9021
6744
6742
3539
3840
8430
4352
7493
2601
4131
2728
8501
8585
2293
4020
6992
1552
7921
9920
6743
4357
4586
5408
6254
1488
3281
4123
5500
6289
3899
7934
5309
6995
4676
8847
834
9457
9551
4678
2057
3681
3757
6909
2265
6050
7280
9256
3953
5200
5528
695
9557
113
6103
2162
7952
5735
6284
3452
8375
6534
1385
3684
3528
2412
8882
714
8221
8432
1743
6629
8465
5500
3538
729
7901
817
6337
1853
2369
1864
8900
8277
8328
1354
6790
6279
3440
9425
6082
1815
5958
3819
5498
5838
6230
4379
6551
802
9163
8293
7431
7627
144
968
8355
8044
8136
1043
9897
504
2906
5148
5132
7585
6501
1921
216
6292
1345
6297
8106
7303
115
3603
9492
2697
4334
6042
3498
3496
686
7280
1122
830
4599
5828
8873
2735
6871
5121
9590
6128
268
4722
3713
3120
2994
3928
9412
4339
6576
7517
7993
6691
7472
7484
5739
8157
9877
5588
1652
562
2868
9125
7743
7466
1304
2968
6552
4526
8088
6142
654
4708
7215
718
4179
208
997
9942
898
7572
3811
5242
614
1282
2725
6352
5790
8953
8292
7441
5867
1159
2917
3609
4976
572
6576
1528
5098
1016
4021
2103
5723
7587
2820
6253
4146
3816
6195
5044
7739
5
285
8353
7638
9362
1056
3427
8314
9347
7219
4180
6857
135
4141
1833
7058
7068
9712
2155
8083
84
4257
3805
7670
3428
58
1815
3595
2604
3210
1334
2608
9847
6038
245
9208
7093
3671
3873
6440
889
4405
3296
7375
8545
1480
4432
1964
1191
2939
47
7626
3547
203
1647
6975
6612
9814
6921
9215
3023
8254
1822
9221
643
8418
8428
7736
2088
8653
527
9328
3057
174
6702
7953
1654
7486
9916
9196
424
6314
3174
3970
6517
4820
7296
3128
4633
4217
8695
7656
8822
516
6876
9465
8934
1656
3552
7373
6660
430
6701
6068
603
9754
4020
8608
3591
287
7804
366
2953
7329
688
9469
2148
7983
8948
6781
8551
7642
788
3725
4510
7663
3189
3443
5670
3092
7167
2329
3521
219
8396
475
6325
8767
9083
9915
5406
3238
281
8358
566
7320
4178
2713
5302
3125
9493
205
7119
6632
3929
1628
647
3469
1422
6316
6560
4940
4997
6432
5159
9744
6906
1483
4863
2340
7749
268
5577
4381
4977
6142
1700
5506
5207
3354
4982
1051
3558
2100
7683
3838
79
8329
7306
1500
996
217
6440
5992
3000
7950
2088
9905
5784
6950
8597
3532
3569
4173
7913
4897
6667
5964
402
8225
9317
1735
9275
9226
187
3309
3063
265
1637
6720
8117
8985
3288
908
4976
6287
8857
7063
2544
4640
4012
1140
8171
3932
1664
2435
8828
8330
4751
9229
2906
419
7316
2181
9645
7502
5489
9059
7766
3478
2131
5882
2462
5418
6789
3789
8057
1997
7204
600
6636
7567
8091
1159
1499
9754
9945
326
4436
4695
5907
7341
5114
3222
5873
1110
7075
7714
6520
4840
1191
5002
7074
4
420
214
144
4828
2211
7347
1779
5198
4914
9869
2708
6412
5974
2653
3089
409
3699
5347
4102
5164
4920
9974
2625
1994
7687
5497
3186
5229
498
259
1584
7269
6824
1728
2096
5386
5426
3874
6936
339
3742
9643
3102
9716
8647
2543
6476
2346
7889
577
7509
2809
6903
6486
1154
941
1982
4339
6170
2479
949
4105
9748
4125
2184
8195
9510
7610
2069
6445
7948
2162
2440
7402
8229
1086
9944
4705
3431
4184
1633
7292
6992
8535
3777
4498
5828
2110
8836
8349
4588
9785
2453
687
3909
4637
8882
9770
2246
950
2567
6545
9463
5006
3946
7692
6091
241
8748
5874
4425
380
9517
7768
5267
9645
2265
1094
1754
7453
9442
2693
7237
8246
3380
7497
2882
8613
3618
1479
5914
6184
4376
5376
1189
4673
3067
3632
4914
1814
9505
5690
8546
5373
9809
3812
5017
2074
1257
6770
9526
7050
9462
3114
5295
9193
6962
4529
7805
579
2359
3718
3115
6734
9094
655
7759
8512
4286
2672
6678
142
4713
5223
5514
4521
5386
6882
2946
2994
3651
2471
43
9465
1936
5337
8657
8897
6217
2814
5828
8576
2883
5294
1661
8328
5948
9419
6840
6586
8442
3517
3079
3154
5091
4945
7675
6828
1826
620
9821
5477
9443
9863
1293
7730
1551
6301
6627
7768
9114
8806
6343
1997
4099
4355
6676
46
3774
3515
2983
2215
3383
6062
5369
4825
1006
9395
1652
2831
6366
1472
4659
2160
1334
2303
9890
2885
8604
6516
7004
4069
1673
9698
2417
2123
4052
9093
8520
7825
2607
1503
6392
2342
7564
8112
7166
4921
7506
8818
7751
223
6641
8762
2383
7975
1064
2272
7211
6019
5139
566
88
3163
263
2504
5285
666
7948
3804
4843
555
1658
1234
9248
9221
9345
6413
4141
3202
1582
8244
9776
8223
3357
2158
2549
4420
781
6111
439
5919
6676
6878
9081
3290
5733
4365
3955
3681
4521
8797
4235
6178
6382
9834
1751
2078
2598
2243
1631
532
486
1407
8754
194
9916
7654
4614
697
116
1404
6615
6791
4633
2048
6432
365
2764
6738
4045
7284
5535
4631
9814
8268
4464
1564
346
3414
3806
8328
3945
644
9734
9050
837
9650
6703
1802
346
6818
9557
3312
9960
4189
5359
2743
4554
4475
9480
4950
1758
1366
9581
7923
9634
396
9486
6331
3809
9644
4658
7753
287
4392
6802
7475
393
9856
9277
738
3025
5185
401
9336
9374
2112
2078
279
6586
1558
1580
8343
2923
1160
2618
2556
7908
2103
5238
1716
1746
9896
5821
8384
639
8974
5859
1031
5182
1487
8120
8206
3023
4872
3894
8748
6983
5971
5378
3568
7528
6958
8263
6803
8117
880
5710
2376
2982
948
4092
1080
7195
6264
5815
7833
5237
8025
5215
418
5863
3334
4976
8886
8205
8869
7633
1540
1191
3011
5107
8719
9968
3369
1873
4436
600
7582
6812
9934
4881
7255
1013
2075
3518
3179
9907
5106
1204
1473
1876
7066
1158
3203
2303
9363
2071
9936
902
3261
9298
2360
8331
5617
5729
6555
52
2680
4137
3215
2613
9017
6821
9977
7444
6690
3156
3702
1796
711
5175
23
7776
6332
3225
6431
2046
1647
2718
9299
4907
2015
1659
9590
7631
3739
6144
4034
6418
6632
7249
9031
2001
421
9007
9444
7111
8514
3145
5258
9224
8319
5280
3352
1003
8504
9782
3048
6502
2499
2347
1408
4513
4005
7349
8495
7743
9845
2528
512
6476
6128
9542
4828
6549
4901
4271
11
3414
7416
5268
2638
2086
6899
5989
3088
1754
2122
2488
8255
4620
4834
6014
5484
5190
9715
3978
9284
9559
2857
9795
2386
8985
5689
7214
5533
589
7836
1895
354
5251
7162
9343
3689
412
1683
3128
2165
3804
5615
419
4775
6800
2784
258
1989
2498
587
1272
2056
3444
7419
794
2428
3107
4359
4312
47
2194
2558
400
7445
9719
9743
7485
6482
1425
612
8646
1581
2579
5416
6355
9378
8199
2965
1367
697
3551
8990
9104
3346
6408
6249
2125
9514
607
2788
9560
2801
5345
6312
6597
1415
6054
4081
7896
3830
1044
6541
5410
9974
8308
8117
9352
2859
1081
7070
9907
4631
2411
9010
4329
8819
1611
6453
4684
2217
9241
596
5017
937
6907
7965
2352
9312
8397
247
9493
5793
3140
4903
5766
7799
3019
1469
657
451
4890
563
1433
7301
5925
5761
2471
7535
8566
7154
9751
7806
4101
1120
8742
7359
5436
7445
6670
3833
7692
2515
9625
7183
7417
1742
4981
6787
3211
5638
7237
8100
2552
8669
1752
8476
782
4222
6010
9347
7728
2113
3504
8180
3232
8597
5539
5019
6042
8560
8851
85
1074
4827
7267
4842
6569
8599
1628
6131
588
5216
582
3140
237
2334
1615
7370
2907
3977
6716
6986
6089
219
5166
5672
8815
704
690
1208
9263
5893
1292
337
719
4910
5178
3639
3509
3158
9769
448
4725
6703
3587
1313
5388
1554
8682
8294
5530
1749
1632
1618
8319
6797
7289
7134
7500
4330
4693
3114
222
5985
9802
941
7246
1332
4579
7106
4489
700
7554
5565
7402
7492
3230
2789
9045
1911
7434
4574
3660
9065
2543
1978
5861
6183
5463
9712
513
6508
2826
734
8844
8979
1674
6089
310
2605
3195
1150
9656
7100
6715
7057
4591
9944
6197
3636
8206
3630
4561
8217
2695
7104
6547
4907
3286
2009
971
150
4868
148
884
3711
9126
8909
9800
9436
7865
2994
585
7520
93
3651
928
1035
3594
7124
4670
8152
7106
5583
6368
6152
9038
2914
1058
8675
1275
2028
8825
6142
8527
9708
9853
7653
8616
9652
7088
6481
8997
4024
4000
5441
7675
4928
2827
7620
8403
7497
5771
5508
9431
8491
1659
8468
1404
9069
7142
9030
7448
5966
5172
5975
2025
1376
3627
641
7379
7066
3473
6375
1089
3824
8167
5115
5103
993
2735
3506
4841
4857
5365
623
3347
7024
9090
1103
2444
2584
132
9891
4901
1655
5865
6926
3030
5843
3918
408
2908
3742
3134
3997
7565
1300
5463
9020
8645
8197
2525
9837
9406
4241
460
9104
7616
5901
206
59
4836
6690
9950
9737
8344
2166
3014
1374
8009
6931
1781
916
672
4915
1264
4588
2566
6727
3607
7562
1275
2483
7399
680
6724
4210
6136
691
6462
6341
750
1298
9382
7051
7386
7726
5568
399
9099
3576
3681
7231
844
704
2145
8459
5291
1063
5185
8898
8624
2812
7732
6022
9843
4455
6583
5978
5146
3045
2319
2247
694
1700
5649
8079
5777
1216
4829
4875
1144
8509
8458
1987
9212
602
445
854
1664
1982
9751
6640
4793
7483
9013
4635
8289
5596
613
9786
4992
9283
2032
2037
7334
4032
115
3111
5248
1295
4337
6391
6155
9146
4729
1718
9748
1525
2571
7763
3506
2322
754
4650
6156
9767
5637
796
5362
2601
582
6705
8235
8965
8741
1920
2997
5207
1382
4596
6501
2071
986
2655
1216
2066
4372
7315
3590
6942
1430
3448
5615
2183
4449
8122
1949
6437
8918
7310
9037
5851
366
3623
1167
9106
5543
4163
4312
3276
8758
7164
5346
6095
6170
6562
8160
541
228
8102
3835
1657
1549
5801
3840
5997
275
5788
2434
5544
9450
7822
1394
9815
7797
2560
8921
3339
3075
9584
2966
8184
6748
8312
631
9269
1225
8790
9810
1452
3243
9996
3109
4791
2148
6948
7140
2422
2735
5925
7965
2184
98
5710
8351
7894
4622
3623
7584
7696
3206
550
5879
6305
8861
6509
1926
6437
1651
8087
7888
1245
8082
996
6036
6581
4295
9527
5355
7030
1803
9671
5565
1900
5381
267
9794
2
3889
7377
7697
3447
7926
9927
6103
3138
2788
8028
9574
790
6114
3814
2034
547
4809
4421
7128
9104
3947
2482
2485
5749
2152
4401
4001
3884
4668
3794
3885
8556
7522
7933
8354
1800
4212
4457
1289
3351
2484
863
4140
4950
4676
6173
5496
5836
6946
8975
1291
892
7808
3775
2993
6312
4528
6993
195
9195
7138
432
4102
4659
8364
2456
2810
8927
3264
4099
2277
5747
1313
6416
7048
2340
8941
2544
8175
5886
1518
5818
3129
9326
9592
2473
5637
471
5817
2183
9665
9306
2614
119
3965
7330
2574
3126
6256
5837
7224
4885
7935
8536
7652
4983
7227
6592
3878
5402
8829
1747
1219
8310
7424
7162
7134
9412
7633
9303
1595
3649
8608
4208
3767
2572
7889
2692
2050
497
8528
9273
5381
2815
4161
3032
4149
1387
5976
8026
3140
1156
9772
710
5817
7196
7872
2951
6607
1856
2253
4553
1856
860
5113
5623
9784
3001
8314
1833
3497
3194
7457
5229
2360
7969
8261
6508
5708
588
4533
8847
1743
656
5909
7560
4203
132
6862
7162
1987
9114
1714
3842
6325
3178
5816
2460
6179
482
644
6027
27
4453
7608
2386
2421
2220
8893
8128
2807
9777
3327
901
6784
5587
4812
987
5718
1673
4500
4056
7138
2565
4249
9815
5743
65
2274
8273
6898
2918
4299
6924
7370
8258
9309
6142
477
4553
622
3283
4329
3948
536
1112
5886
5347
8450
1603
7020
2949
5658
4157
5514
9906
323
1256
6322
2597
9528
3219
1866
178
142
9235
8436
5802
5376
5264
354
5997
4899
4682
6296
5434
2146
2181
780
595
135
4151
9896
5792
4660
1761
2050
4982
9368
8371
7578
5247
7942
9443
1776
4435
5029
6563
237
6757
1827
590
9105
6725
1624
1753
2158
121
285
2937
7067
420
3440
6962
6211
8099
5074
4612
3080
4441
9335
658
9687
7276
6452
7815
1710
1481
4377
8298
8237
6203
5240
3693
2927
6863
5445
1436
6983
5730
725
401
6149
4164
7363
8711
2262
2436
3323
5341
3229
2657
2350
9267
6284
5154
7081
7993
6634
1458
6291
1222
7660
7882
1266
6939
4744
6711
8374
8078
2440
9098
8478
4940
3261
2192
3650
5522
980
3324
7215
4208
5980
5916
9826
8615
1069
6907
6608
4054
8364
9250
1627
2375
7131
2893
9313
8226
9603
4039
2655
8394
3136
1132
3333
6397
9676
3334
8270
655
6658
1836
1214
8989
7752
1039
7604
8820
4297
563
9226
9012
6164
852
1387
3294
96
7051
7871
6050
1089
525
4443
577
8008
4127
3325
4035
7461
1594
1041
470
9782
2254
9458
7533
9645
3413
2704
3941
3975
8281
2953
6490
9133
691
6135
5580
4093
4005
1630
1534
881
2424
2110
5241
2903
1786
9275
6715
9731
316
7184
9512
8921
2993
7044
8565
6406
6100
8858
6732
4380
8162
9574
9864
5204
5708
5444
9296
9713
3425
7181
6945
2200
5642
2185
5102
7427
7812
1816
7158
8127
8999
6669
7047
8344
65
1964
1101
2516
821
4184
3247
5334
3757
3111
537
9465
4906
6184
5529
4682
3365
2473
6881
5358
1010
1983
2785
8821
150
6294
6947
5501
9314
345
3844
5730
8660
4944
8245
5832
9127
1492
1165
2884
954
8053
2348
5859
4237
4228
6892
3953
3052
3772
9310
4061
2106
2094
2881
2256
4739
6179
7756
4053
2876
1599
9782
1535
2894
8027
7367
2020
5870
4883
1255
6823
2936
9954
9033
3524
4181
5924
7476
7233
6047
3137
7645
8153
1583
6878
6760
6321
3056
867
373
2283
8817
155
170
1710
4533
7536
81
402
8770
1336
3576
1705
7641
8960
5228
8174
1235
9055
5406
7281
2192
9402
1785
3774
6279
4896
94
5687
5762
6819
7969
4578
6973
8138
2639
7857
2025
2720
4610
795
407
4537
8851
4399
3496
431
2572
4730
9485
4329
8362
8028
3731
6499
1801
9
1394
8247
5695
7156
5065
3664
8085
8389
8153
724
6245
178
3443
7206
7324
201
1742
6174
4599
1589
6604
7171
2670
2441
1499
1031
468
5229
7529
8621
5238
5275
6867
7284
2430
8283
947
514
6671
5452
1237
9267
5629
1031
6472
9304
7583
4565
5477
2182
6153
8433
5704
8822
873
7202
6204
7692
8783
85
6312
372
5359
9530
7655
7788
7812
4954
4653
834
405
2242
100
2385
9624
2923
1688
7207
7487
3516
9388
9991
8300
5091
5164
9172
8644
1368
3216
3778
1452
5879
4149
6810
5409
1804
949
9572
3109
1953
406
9865
4194
505
2249
3818
3428
288
1024
7266
155
6763
3609
8455
8205
8772
3978
6848
6491
7193
6978
4294
3072
1126
7455
4832
9281
8403
4403
2389
356
4808
2253
901
1665
853
4718
1444
1140
2093
5061
1295
8855
8669
9749
3411
3793
3726
6611
283
7271
3588
929
6694
4713
8383
1525
3994
3138
2279
2734
9845
7087
4987
745
8751
5839
1815
194
3331
3907
1606
977
9114
275
7077
2524
4067
7154
9134
701
4424
9073
7981
7469
3786
6364
8993
4131
9501
1272
6864
9345
4710
1850
6441
9812
4041
8255
6357
3723
8514
7962
4699
7627
8236
1775
6502
8654
5280
1988
5707
9704
1060
3687
3524
4845
50
2517
8975
5902
140
5839
1598
4849
4040
4391
4660
4432
2645
7368
8154
1158
5329
9204
5136
3565
7330
1638
8570
2610
3625
628
8665
4684
4315
2188
5881
716
1056
4855
2970
1195
7045
919
2395
7437
5309
3406
8220
7954
773
6374
5463
6102
1929
6951
6018
9259
8588
939
8220
8564
1567
3236
9599
2233
5423
5479
2948
2831
6686
5917
377
82
6836
2772
3870
8496
2529
2090
6449
3302
4815
8264
5755
6743
5214
8124
2353
153
9062
6924
5068
628
159
4666
2860
1934
6497
2160
4764
9534
4428
5140
9615
7615
4263
3485
6111
6792
1926
8911
6445
6740
7174
2199
9834
8739
322
2187
5243
5735
9110
310
2715
5621
1328
1926
7554
4176
4085
8669
3709
4865
160
3323
2479
775
3159
4941
7566
5084
3852
362
8175
7377
2560
8009
2468
9233
6547
7710
4967
2008
4372
7681
7628
2051
5959
1533
6226
43
6553
6286
1259
6713
9608
3738
3839
9119
8678
7756
554
8881
8117
8729
6258
676
3089
8725
6260
9635
2786
1226
1642
3509
5259
9270
5559
1217
7154
8136
7611
3707
4421
8870
6771
381
8959
609
5851
3988
4716
6404
2869
2832
1484
5478
9859
4572
4202
6118
4206
3339
3695
5848
6848
5305
1469
8758
2873
4974
3246
484
5032
7666
5705
1802
4398
4663
8762
248
5002
3477
6652
7870
2660
8135
3347
2518
9059
3900
8635
3264
7239
2330
5463
438
7634
3283
5547
507
8257
8792
7342
3288
2810
9398
1442
7207
412
6555
7455
5413
6384
458
3283
9043
8592
6629
1561
4002
6881
195
7266
471
8876
9080
908
2862
8715
2806
9720
3323
1598
3413
2962
4407
2810
4403
1613
3221
7310
5419
8633
3693
5876
8267
2735
820
1248
647
4821
8128
7194
8438
8598
2421
7518
5857
1634
6232
8662
1353
5906
6611
1117
8867
1017
3926
9622
8982
3498
6931
4400
8483
6975
6628
6749
6061
7447
4348
6708
2267
2475
253
705
7424
2673
4574
9632
4307
7157
8294
2011
3062
1256
3128
1928
8625
3405
1549
7606
6903
4831
8357
1737
1805
4984
4837
4218
2430
9185
7277
1049
1659
7529
1753
5435
201
6326
5066
4507
3482
9711
2870
2895
967
5997
4822
5943
5753
2723
3548
9007
3905
8256
743
2062
9592
5580
6279
8373
4764
3555
9421
2774
1083
7525
8208
7635
202
9626
8494
35
9336
1363
2929
6654
7359
7751
2596
3111
6825
2495
2118
729
7103
9212
2790
6694
4791
5420
1418
5906
8974
7191
8680
6408
1067
3239
4043
1269
2864
2536
1303
8552
3898
4232
5205
7608
8334
4153
7070
1510
6647
5539
2238
3749
4751
1380
6794
5893
6799
4564
1799
2125
1754
6830
8532
2820
68
8926
440
9284
7813
1743
7835
1710
2326
9391
5669
7011
3543
9091
8520
6542
4629
7109
6642
5731
4840
3436
1624
1639
4351
9774
115
2456
6603
4998
1627
3022
3924
2067
2305
1736
161
6491
9798
2486
5882
1818
5848
5776
908
719
2317
5537
7827
8959
1267
2667
8746
9242
657
9448
9015
771
1903
5617
2120
3529
4991
2395
5595
7295
4131
5755
138
280
4592
2371
8449
6791
8146
9357
7509
6815
1245
5336
2125
2511
4354
7222
8105
5010
6669
7119
2132
8571
9088
4251
2099
4078
6646
4046
7724
7128
6152
7861
3759
744
6583
2207
3886
4729
7915
1395
7895
9159
3082
19
8022
7435
3592
6126
8796
260
3244
927
8830
2331
1529
7280
2760
8174
7677
484
1653
3829
4696
1763
924
1279
3970
4809
2359
1884
6203
6605
7395
9284
2975
5416
3070
6566
1541
1865
6825
1136
2791
2006
3467
672
5637
2578
5197
3314
3061
6850
7142
4109
8612
8065
5387
8933
2873
4097
7169
5428
701
4563
1063
3675
9978
4133
240
7870
2349
3416
9005
1492
5421
8823
2163
1057
1401
7359
4370
813
560
1511
4921
5524
5927
6659
4456
5152
7107
7976
579
7807
8890
7993
7833
8867
8477
4424
3088
826
7839
2093
2317
9611
915
831
668
8667
8189
1389
9480
5101
9252
752
624
5178
3763
1431
6681
869
9407
7259
5028
8296
1604
2860
3515
80
7284
6602
905
1474
5046
9573
1085
5961
403
1752
979
4944
9492
6810
44
8743
7562
7019
273
1324
8449
6953
8544
4207
564
3571
8855
2167
2783
2369
2246
66
5322
9503
7891
368
9075
8975
2680
5830
7078
10
7125
6570
6820
7168
1664
733
4186
1936
2056
8986
8889
6951
3193
9452
522
2047
7970
3304
767
215
9721
2440
6069
3963
9159
1496
2938
1838
7325
6367
8200
4449
9288
5019
7968
952
5751
8505
9239
4158
7490
4479
1108
7034
3930
7981
9080
8251
7636
6198
8466
7356
8638
886
7671
7796
2381
608
5986
9705
3326
4185
505
2614
9203
4824
9917
1305
3328
9155
5462
7170
3634
2921
4203
3915
7254
9635
2166
4889
5832
6983
8597
821
7868
6267
8617
6601
3226
954
6305
6551
5138
3162
5516
692
7985
5432
1996
7665
939
3809
4834
924
3081
5388
1190
334
5022
9707
5223
7206
6689
171
4378
909
6437
2994
3861
9662
299
165
2564
5436
9678
8080
2479
7663
9863
4474
1679
7153
4634
6512
8076
7715
8251
9266
4400
9625
8972
9622
6830
2013
9792
1207
9273
2580
553
3133
2241
851
9649
1157
2639
9327
9236
5117
3341
5450
5943
5019
2603
576
7882
678
4642
6132
6295
9042
5756
1619
5015
8937
3631
1159
6496
9255
3738
3400
8739
2331
602
8387
9839
3240
4065
5426
4709
7405
875
651
8775
9829
7578
6656
507
2220
9140
3153
7613
1247
4771
8979
6536
4753
137
9383
359
227
9134
9097
8909
9735
7484
8747
9327
7900
4172
4035
5305
5046
1037
431
4875
8614
3439
1733
7185
8930
1237
4797
176
6008
128
3063
7112
264
8797
7471
6842
7930
6567
5750
7665
402
4496
3343
8302
8667
3729
9958
65
4765
388
1291
3378
178
9375
563
9107
611
1711
5635
2970
8190
8697
82
8454
7494
3904
1647
1775
6822
7397
5791
7224
8244
9133
1877
3263
2861
1834
3327
7625
8573
969
7355
8751
343
4269
7857
7305
2331
3491
275
521
8540
6708
5326
2385
6963
6972
4159
3784
720
6302
7359
8964
1786
9235
2226
4647
7420
1904
8623
5993
2872
2329
1095
3214
6597
8951
518
5280
8794
7144
5800
3685
203
7477
6069
7165
4448
6579
949
5168
9232
4659
483
1018
3894
2708
2016
1313
4611
638
3657
7482
9319
4751
7047
2267
54
3916
7546
5199
7412
9697
8883
7614
7173
1303
1131
1621
4233
8431
3140
3465
3089
3622
834
6982
2681
2849
4647
7291
9838
8303
1124
9156
9406
8170
1423
9459
8437
8968
1009
5848
8665
9891
3462
2189
7545
944
161
1777
9374
3300
1593
2462
3273
2426
5796
5953
1626
442
9595
1464
5096
718
6971
853
5239
8393
6663
3676
3713
7671
5875
8729
3913
5688
917
1457
6631
7430
9586
6004
729
1178
8466
354
9956
4261
2658
7933
1054
8605
9396
2501
5674
2719
3354
913
1111
16
940
1175
4039
3166
6255
7951
8854
3524
9408
5484
953
8993
7840
8033
6522
6305
8386
2829
6917
7396
762
4322
6000
157
6822
8025
2875
6527
8937
338
6543
6228
7864
581
9394
4119
4883
8247
7642
4290
82
4946
9634
7921
2978
6156
577
7716
8984
3845
5111
9745
8166
7462
6254
1340
5486
5480
7866
775
2169
760
3354
33
7692
2747
503
2575
7345
4496
6864
3779
9441
6498
8051
2418
9005
8628
6485
4340
8824
1595
4085
3342
5408
6690
4681
7246
2169
8898
8020
4338
9658
1373
722
7349
472
1224
6275
4168
2071
9491
7946
1511
2340
5997
280
1344
976
6765
5683
9799
4711
6119
3140
119
2808
4172
3716
1329
3070
1735
2018
9079
9459
2739
2779
9930
314
9054
4098
8736
8544
8395
246
7235
4391
6877
8578
1718
3641
612
7869
4704
3083
1008
4822
5890
1532
8537
3570
4601
6623
5587
3679
2433
4677
2809
2363
1342
1862
2812
77
6757
7558
6674
3991
1949
3551
8920
18
3543
5884
7886
8246
8966
5246
9419
1207
6777
4307
4777
7729
929
6715
7759
3362
1392
567
2076
9085
8781
1239
9162
5537
8796
5835
5880
7096
5737
1151
7114
9280
7034
1351
7525
5999
6596
6944
3558
9724
1250
8334
7452
8531
1400
1562
8244
2791
2129
319
8228
7261
7909
7389
9149
6704
9575
5028
152
5312
6179
3617
943
3212
4967
8467
5563
7915
1762
9120
7638
3012
3805
1442
7894
5204
3003
6137
4347
1483
2807
2574
8743
715
6314
7892
3770
2240
9271
273
3903
5449
3889
4845
5013
5208
3312
575
3122
1425
6046
759
788
9850
2200
8681
5053
1555
1169
5751
3037
3975
8324
8132
1041
4637
6023
1163
6877
5293
1435
779
7094
1676
1976
2106
6883
1639
9032
4
3063
1429
762
3851
1278
9314
2531
2682
868
3700
8433
3904
4026
3108
2035
1419
4097
4409
2581
973
6054
367
8103
3147
2042
78
1604
8924
1716
6987
5279
1131
8415
2393
4981
6044
1706
3863
5077
2573
3914
3509
2828
4292
2969
1215
5710
7065
1975
8290
4389
8028
8656
2491
7526
7050
8921
9129
2325
6988
2467
7604
4470
881
9996
9450
3276
1701
9665
8353
625
3578
8213
9804
7869
1181
1018
9930
8245
9345
8219
2633
7372
3227
1476
4898
6628
6748
378
8952
87
2845
6555
4557
77
2902
358
3353
954
22
8057
1578
9952
6269
7734
4172
7450
5103
4102
2046
4447
2320
4679
1819
1898
2506
3068
8525
9253
9797
7477
5691
2641
383
247
9070
3285
6957
8774
4238
3330
6830
2168
3281
3098
6253
7453
6899
1355
1554
8945
2154
225
9975
324
8475
2480
3391
3351
8084
3187
7179
3774
2180
7562
373
1249
7198
7329
6374
7787
658
3203
9954
291
2652
2558
4095
9551
3913
5648
8495
6066
2224
8469
6389
7050
7300
6131
401
5383
5669
7579
5508
7848
1492
5880
5448
8689
9560
1821
6476
6570
5023
2781
6860
7675
5339
954
3577
5603
2953
8423
8020
1528
6891
760
4930
542
6890
5330
5924
8910
9260
1431
6758
7104
3663
2205
5792
3222
378
8619
9791
5400
7752
3002
9426
9442
307
3002
5044
3259
1424
9415
1139
4666
174
6068
1559
3415
7749
7482
2324
3360
5265
5433
463
8927
3990
6255
8500
4367
1225
4643
6118
8976
7644
5544
4769
7951
4897
6164
7561
2673
5578
5051
3690
2103
1118
5249
1869
5218
9082
545
8578
4346
5977
9040
9624
6318
1646
8124
684
2871
2766
6802
8198
6761
2345
2967
1063
3593
9130
8624
6265
1060
26
6307
3162
1144
1555
1383
2713
636
8279
1290
1334
4255
330
957
6925
1975
5432
7608
1197
8197
4409
9395
1310
3105
8713
2372
3050
7842
7347
5666
5253
7373
1972
4767
4868
3526
6149
7580
514
4427
5222
1847
5033
5551
9155
1957
3877
4587
9565
5074
9135
325
820
6796
9782
9532
9168
2831
7373
2866
8496
2626
6590
468
7392
1457
345
9892
5389
7210
670
6962
9056
5702
2512
4563
4011
2740
5501
9927
4165
987
251
4984
7783
32
4515
6950
9214
8240
6167
7710
7217
2757
4529
960
565
1225
851
2305
8435
1520
9266
3842
3573
8129
8404
7583
869
256
7509
5033
1243
4112
6369
9025
495
883
2326
9709
9122
8492
3770
6338
7600
4650
7297
8165
5874
4499
6821
4308
6018
6087
4502
5943
4215
2905
3525
1435
9513
7386
2820
755
1497
9188
9779
1991
70
8456
1699
5544
6947
1820
8233
899
6469
1882
9063
2343
6380
5883
3002
8750
8321
7503
4692
8888
6760
8216
322
6272
5601
9493
7026
3449
8680
3156
5440
5102
1611
3490
6997
4909
5310
5229
2159
1778
7110
1221
4120
3490
3456
7122
2239
8128
4624
3282
7015
1383
7849
3689
4006
9802
3181
7383
3250
8213
538
8689
3314
8500
2179
310
9761
7488
1890
1919
9265
9000
9492
9737
8841
9299
3210
7431
7426
7833
712
4441
5568
8560
4481
5925
8361
7661
3308
7963
5873
197
6651
5538
8697
5181
2199
4809
9020
4089
6727
4637
3088
2570
4373
8280
1868
7582
5710
9294
1766
6421
86
3685
1332
4566
9610
6045
8578
2917
4007
803
3113
657
6340
8161
2190
4891
2969
1209
8979
6048
5845
8418
8617
6569
6697
6837
502
2406
2482
2268
5178
2567
2304
6509
3484
1913
2553
8413
1181
2911
9215
646
9920
1907
5158
2109
6797
4479
9669
5775
526
5514
544
5494
8434
7240
8682
8936
5997
1163
1203
1174
81
3506
4034
9916
1771
2939
8329
9303
5849
7543
9948
5768
9449
5106
4228
2597
9584
3897
8371
6461
9410
5266
8306
4195
2505
6988
3130
4853
8150
4332
2378
8231
4190
6412
4498
2312
5702
2826
1614
1550
369
1562
3670
6169
3019
7897
8766
8954
8145
3488
1766
3906
8754
71
8101
7610
7058
1230
8815
1560
1914
1192
6142
6103
3955
639
8414
9656
3465
27
7558
185
7940
7579
2705
7310
1827
7822
6263
9972
7662
8028
3877
2767
8099
1977
376
1508
3207
5542
9419
5120
6734
5560
7574
7040
2551
2339
6696
6015
2365
605
2551
6657
8183
5255
3966
6361
9429
6581
6332
7090
4608
209
9856
9058
8537
6583
6918
8095
2125
6336
9566
8858
8248
7139
2249
798
9477
8944
3164
8194
5900
2066
1202
4082
3672
1519
443
3100
8099
3126
189
9059
9686
44
4468
8223
6627
1385
2669
5103
4073
2235
312
8672
5725
2560
5821
1554
1504
5336
6099
3755
7401
7300
7837
7424
8818
4631
524
6917
4108
7064
2327
3794
3460
6794
8368
6438
8179
1036
1540
8603
9622
1851
7274
5347
4410
3094
3252
2265
4781
9350
6020
2181
3001
208
9604
1818
1190
6479
5086
5297
3543
7412
5442
7002
558
3809
3439
5088
1197
1330
3690
7170
3180
7315
2516
3941
6760
2119
2558
1540
1468
4929
72
4468
1488
9675
2638
2677
2506
4075
4325
6048
7839
6119
9401
8396
9927
9191
3483
7475
520
3524
4645
51
838
3512
343
3949
5631
9252
1840
3450
4180
1911
4270
5667
7937
6907
4695
442
7333
9020
2841
5171
5138
2241
3566
1416
7783
3400
5243
4654
3275
9887
1056
464
9750
1399
4412
5380
650
6251
5182
1182
8161
9451
6848
2450
2709
1543
2891
41
6914
5732
5212
2051
4324
5129
9818
2107
4881
5060
6760
8155
1298
4168
8619
1048
5566
3030
2779
2567
5633
7960
3748
145
7410
6948
2594
6470
4842
1837
6511
1755
7568
8074
157
8243
3202
9974
6701
4434
1386
9813
2589
2683
3980
7559
3730
5897
588
6509
8463
2572
820
8563
2717
8230
1862
1662
4699
6703
3498
7561
8457
7417
5634
4965
2012
5188
1290
8712
9621
2675
8524
8561
1710
8855
6119
5439
4751
3059
8299
3214
5630
9119
8128
4698
3700
9989
2712
4750
6691
2561
8663
1499
6330
4296
6463
8341
5835
7752
3404
5456
6779
1928
4016
8488
782
135
278
1885
9545
8577
5098
5174
4047
3225
6224
4098
9565
8935
5199
6255
1495
3861
7753
4176
4509
567
2516
343
8318
5920
5798
5096
4199
6166
3583
1332
2652
213
3216
2196
8789
4665
3721
9187
4241
9944
9636
3805
5230
4834
59
3077
5047
4163
7252
9555
4729
9768
6249
9399
2039
2047
846
2589
4564
781
3920
3567
993
3488
5762
6133
8152
5834
5319
2393
5778
1306
2549
7359
2491
8960
435
7537
3122
7687
3443
4203
3806
9692
3601
2196
8090
4446
4784
9005
5226
8703
2571
6218
8542
4684
2350
6694
517
4020
5438
2646
5325
7986
5
7816
6945
6791
1704
6419
4477
1499
621
4634
1190
573
6829
5631
1370
7964
4635
6596
6667
7205
9165
5208
1888
7867
8253
8756
8238
42
1402
9915
8028
1406
4082
1324
8196
5785
7742
9025
3635
4714
10
4824
5286
3191
454
6656
1154
1440
9603
7820
4996
5119
9380
6883
9337
3984
5639
7575
4026
3392
3841
8405
4797
7922
9728
9344
58
3822
8368
3693
8535
8378
4868
173
7920
1674
3180
9073
3113
9134
6893
8109
4252
2624
1343
9941
2959
3333
3867
3336
6724
7707
1740
1520
5628
7820
7216
2037
7993
5583
5729
2879
312
597
3051
8231
2270
2582
7304
1734
1715
548
9842
2319
9523
1185
2259
2481
869
6125
2169
7593
3831
3908
5464
5810
8079
2679
7846
6071
8262
3575
8950
4925
523
2000
9508
2792
4582
3163
4525
2648
62
719
4966
9584
8255
7224
8416
9123
9700
584
6715
3530
844
2179
5691
8922
4857
3537
4993
9470
3463
3942
747
3985
2293
254
3128
6874
3416
4004
9522
9829
1074
839
9412
9328
4415
4179
4803
4114
4763
7869
3996
5606
47
9686
879
1256
9574
5871
7077
3036
9812
7823
3372
2105
4428
2851
5330
4195
6855
1203
4023
4280
8394
9786
3608
2808
3965
4762
6921
5079
2630
916
7036
2677
6954
7914
284
6527
3785
7360
9563
9948
1535
9286
8404
5962
2137
86
6509
5343
1288
531
9622
9681
317
9581
8840
4281
4342
5761
9359
6972
6676
6394
6000
3629
659
2635
6508
4443
6346
2422
743
7880
1707
9146
194
195
5583
6702
5537
6871
3584
1511
2903
252
1091
1743
884
1785
3855
6594
5108
6882
9339
7459
511
9998
93
7018
792
6438
9439
1534
670
7497
7032
863
7692
2614
3916
9580
5836
3851
1090
5091
4103
8533
3185
4986
6669
7039
1580
1776
3920
918
9234
782
915
9326
4151
8059
2115
9941
9592
2784
7438
6623
9998
1481
5589
265
1060
1424
4116
8502
2866
4570
3386
6050
9555
54
3088
7486
1829
3360
8404
7414
4141
5670
3091
4644
3728
5205
4584
9672
4341
2021
2646
4338
9853
8234
955
7265
6010
5070
5766
8875
9639
9151
4925
5545
9204
4364
3031
7384
7723
7786
4797
8216
3455
7887
2859
3535
9443
7442
3206
3783
5815
5851
4473
2019
437
5427
9283
6446
6848
5048
5320
6486
550
6596
2030
9753
960
1412
3488
5034
9197
4636
3249
2652
8874
2459
2538
8317
6253
5743
8451
2067
7945
2923
4085
4733
4701
3368
1178
1548
4767
2850
4385
5317
5797
2767
1421
6756
4178
1261
8142
3375
5896
7742
2378
4770
201
4915
3086
6453
7009
7888
4871
1305
811
5307
6038
1863
5026
7215
3411
6145
6416
7795
1461
2213
561
9233
5320
1091
493
9813
4465
2741
7555
3194
7510
4107
8108
6947
6911
1468
4834
8133
2772
1996
3439
8809
3859
4817
2376
3621
961
8791
7767
8773
7355
4680
8005
2675
5770
4850
8839
6586
7590
6393
9779
5099
6851
7886
8397
3761
5705
9582
1893
8476
1578
5332
7285
1788
6500
6012
1760
7460
4802
9526
6232
8509
4205
588
7535
6326
5437
6373
2911
9378
2766
2689
828
9616
6926
9224
9729
2630
8806
1621
7458
6735
3304
1094
8522
9803
7105
6633
3614
8258
6158
9845
6766
6715
433
4300
3040
2221
7025
2303
1599
9790
4991
8778
5757
8269
8002
5485
7250
3159
3458
4707
9893
6761
5800
4766
2916
2904
1398
6529
7514
7555
2726
4279
621
9510
4931
13
1730
1955
2315
9680
8096
7305
8458
3852
1925
2811
5689
9175
5969
5498
3881
2213
8610
9681
6978
1525
8936
8375
4406
6449
2281
7131
7080
9254
6640
2010
9266
4721
316
1580
753
8411
5236
9210
8614
7161
8372
654
6335
4340
6151
215
6552
4761
6247
3529
2637
1535
8255
3394
4335
6887
6876
1414
6140
9867
9775
5405
4588
90
3336
5340
4852
8572
901
3466
5732
9272
4119
2066
9963
6622
8632
6514
7734
4879
6394
370
2765
1000
116
7099
4238
6991
8513
378
6858
4639
2134
1445
4729
5470
3136
9580
4041
388
9397
9772
6011
9868
8189
5973
6489
6820
8838
574
8050
1583
7295
814
2582
7410
7913
6819
4401
2777
3548
1258
7415
2034
9054
8495
7503
8541
4427
7895
8928
3823
4018
1290
42
2206
7262
2882
5377
2451
3455
3427
4033
750
592
2966
8159
4856
6136
8911
7632
9684
168
1399
1717
5573
9893
5571
4113
4319
9817
9392
4494
3834
681
4535
6039
7942
7417
7767
6744
7223
1193
776
7972
1785
3741
2483
6640
9877
1393
624
5912
1561
8374
3980
3485
8266
9550
7598
8937
9366
6989
9782
9551
7670
668
1941
1963
8084
9707
8707
5307
900
5834
9630
9036
5927
2112
2027
2155
9857
2650
8066
7769
7375
2045
1253
5641
7946
8850
929
3663
2191
7062
3213
9860
7729
5153
8174
2165
1211
3232
3823
2110
9066
9804
7497
1344
1916
9524
3498
8124
8525
1563
5892
5900
9959
7144
7892
7904
5994
5172
7918
8184
8585
7482
4395
6313
2634
8920
4829
196
2152
8651
8658
7569
4807
6154
8912
6722
2029
8761
1197
6906
323
7088
9157
6633
4231
7048
888
6576
8571
8805
4759
7155
6286
5505
9819
5271
4425
4648
5466
2928
9650
4123
6848
4456
6629
5759
7529
8657
871
8725
1914
7545
2164
1070
4177
6395
8117
5064
2970
3039
220
4081
6545
6505
5937
6364
8127
361
7363
3592
9640
3364
4067
6487
4172
695
8597
8052
5703
9467
6777
7617
7011
5292
8686
7539
1686
3155
2602
1008
2545
2821
5088
9090
5677
1024
5453
3803
7737
9167
3747
3728
2530
7813
215
6701
4859
8811
4753
6913
4630
7881
881
7992
3172
9567
5531
4858
9073
8132
5865
7969
7305
7304
7058
9333
4679
8862
9488
8767
8028
3234
2495
6910
7398
2709
3610
8608
7871
4714
5520
2500
2594
6401
492
2118
2319
2374
3327
7743
505
5543
5711
4161
2846
2769
9846
3876
7982
9333
2643
6010
8918
5137
9271
2667
7845
2880
1274
2067
7594
3145
919
6539
9545
1410
8656
8215
3783
1982
5957
639
3876
8020
1152
6721
788
7349
597
5121
3033
9591
7482
1950
4727
6752
4616
8923
5984
2241
989
3577
5385
1907
6467
4930
9668
1475
3144
9802
9808
5453
6793
3684
3472
4296
404
611
1644
7352
5731
4676
6942
9565
2977
8020
6316
3944
6942
2299
6184
7931
2227
1568
6189
8694
6497
2209
6520
5993
2010
6327
7797
5154
10
7620
9449
6766
8230
7444
469
312
2119
3763
9876
1447
1782
6192
5390
8724
4842
1573
3006
7069
3141
5546
2114
5989
7754
8633
8333
9764
1311
6129
1269
1321
3748
718
8086
8329
8161
4906
8641
6632
8668
4868
4430
450
7411
9820
5525
2253
7744
8530
5673
884
4075
4138
3225
8181
9122
1557
4296
432
4038
5564
8104
4137
2633
2541
2466
794
7447
7458
3777
6114
2325
4558
2915
9736
4377
8439
8340
2121
3320
4012
9356
3747
4501
2580
1927
3622
4137
6222
405
4526
1785
8509
8662
4418
1049
1127
1563
8495
4936
1691
961
7261
6248
3875
3348
6977
2314
1687
5449
5633
2050
4804
9379
6550
3736
7657
6523
4224
3878
6927
8749
2015
1787
7410
6432
2836
4889
4346
7682
9824
2388
8642
3436
8635
2517
6783
1963
1182
8469
7411
6814
6870
8567
2545
3419
2302
201
6293
6525
431
3220
1625
2445
5006
5386
5228
4193
274
9573
1875
6450
1960
6868
9885
6946
9384
3020
5261
565
1488
2671
3731
8358
7589
2627
8128
6242
9179
4421
9118
9609
3992
742
8405
5349
6128
3632
9542
2753
9556
7768
5554
7867
4635
5439
1165
371
8458
6425
935
6297
5447
1017
1006
9388
9995
9134
5629
9174
9906
1099
5134
3897
1840
9891
9245
4319
9874
5138
3424
5782
2905
8977
3648
3892
767
1164
4262
9224
3940
1548
1873
5739
2565
2878
5126
2559
8363
7106
8084
4620
8204
9570
8516
44
9460
4113
714
9333
5602
4137
5114
4859
9466
5114
8750
232
2629
3011
5808
6569
910
7680
2307
3474
6909
3784
2385
1624
889
6820
6243
9093
6389
1111
5488
2200
5223
6201
7885
7176
6690
9350
2034
6155
4463
7135
6386
3444
6497
2193
12
7407
6224
8670
7232
3133
2453
5968
4756
9693
2788
7350
8785
5528
8460
624
4080
34
6825
1964
7210
9866
1313
5595
6020
2128
2730
8757
5571
9226
7302
1934
6632
3525
6955
216
3009
5759
6183
4116
5451
5322
1466
588
850
6277
1211
1281
6311
8035
3244
3520
4252
4556
5466
6623
3035
8195
1732
8605
7421
9033
538
404
8909
7492
619
8270
3250
6802
8737
5053
8475
6554
5640
9324
2831
6850
6956
9141
1237
199
9012
5488
1107
4477
8463
4141
2672
194
2746
6444
9226
9635
3199
4486
3479
3818
2755
3080
6971
1492
8132
5445
8045
3771
1121
7227
6973
8076
2719
8209
4627
1730
48
5733
2559
8510
9873
1582
5055
8970
4377
632
8605
7575
5118
2083
7744
4224
1514
4714
2067
9646
6511
6464
9768
3983
3690
6740
8410
6409
1300
3036
4490
7700
5120
7048
2561
4993
4981
7616
314
9357
8247
8918
6932
9716
7352
1027
3940
8866
2093
6006
8511
8603
8821
4630
8937
2511
7722
3698
5271
9021
6734
9760
6720
8205
3160
5633
9549
8140
3248
9863
3849
7846
8780
7132
7562
2484
8158
1501
1349
250
3858
6211
5204
2679
840
4140
1541
8561
4190
6811
3934
7275
2922
7005
5479
2433
2637
5028
6925
2236
4890
773
82
3669
7904
3995
2504
2413
1847
3852
2663
5704
6414
4218
4734
7254
8358
6274
2166
8899
9436
2451
6173
8710
9456
1651
1142
8444
6678
8066
680
1567
8838
7113
1588
3093
1107
4091
5506
9305
4295
4520
5008
708
8737
6094
4313
3446
8719
2831
2344
8155
5281
8516
6864
4736
6519
4357
3180
3196
2423
211
1115
7612
3675
9054
705
1133
9496
2562
437
3790
3433
1796
850
2169
7889
5162
1967
6608
4344
662
1114
9625
5530
7977
712
2048
8685
243
5243
1107
453
2709
8719
4127
1762
5775
1611
7610
8336
2047
7751
8120
3843
8600
288
1731
114
8606
4690
4457
9268
5803
433
4797
131
1145
6844
8816
1387
8438
9922
1840
7499
4992
2318
5612
766
3929
3221
5453
2327
972
3572
6169
5923
212
4252
6036
5169
8941
6845
4436
4744
7277
5584
4874
8421
8779
41
9808
3569
9963
7999
1067
1306
6668
6678
2072
6948
9899
3876
9275
7222
3800
1795
3144
4011
6046
5532
5531
4987
2376
6319
6082
9652
1902
7307
4425
7033
7348
4232
601
3662
8582
1667
4967
5249
4696
3390
8549
946
3618
7823
8167
7417
9617
7663
7779
5663
3194
3309
7001
5569
9627
9434
1572
7881
6740
5996
4913
4087
6579
5513
4100
1512
3531
5419
3113
4578
8808
1661
5524
8777
5835
42
6193
5451
4056
323
7465
7249
3632
817
9169
9610
250
7093
3842
6990
9440
8754
7428
2371
618
1528
3882
500
6946
6994
5078
2105
5006
6953
882
840
3346
3426
2643
7402
101
6459
1002
84
7276
171
9693
3877
3615
3535
7218
3054
8640
4646
5424
5610
2525
5658
6109
5822
9003
7538
4278
4009
842
1511
1200
540
1289
194
7941
1389
6653
8942
1472
280
5464
7516
508
5430
1050
7726
8484
6042
8723
259
1651
7599
2268
4111
9772
1271
8001
4049
1631
5194
1912
9182
5733
3200
9376
3673
940
2380
8967
2411
9011
782
9926
9518
2564
7328
3595
7399
3369
8669
7657
1371
6267
6277
1833
2390
7547
6185
2791
5529
1379
4702
1062
7111
4253
437
7136
5192
9168
2454
7602
4530
9587
3879
4048
2150
1206
3994
9548
926
2663
3557
8648
5281
9833
481
7671
3731
6665
461
5611
4395
5162
6672
1506
5766
3461
4993
957
2628
7446
4910
7158
7032
8788
7557
9182
9994
7902
5081
7271
564
8637
5919
2197
4821
6399
9867
8551
9415
6679
4161
3810
8192
7185
1667
3957
645
6659
4913
9624
456
6174
3133
7487
4961
7041
3020
1306
4943
4453
8577
1858
3089
4495
4054
7910
7245
3920
2812
6659
598
3325
6820
5141
509
8486
9097
1153
5144
361
776
5599
6534
3909
9438
7847
949
8809
9152
2243
3261
4080
4101
2702
8574
8154
6963
5818
8426
9774
8829
5375
3098
5648
516
3606
4134
9612
1110
5629
6325
8238
7580
2858
8498
7017
7056
5798
2177
2560
8041
5438
6639
2141
8139
1565
294
5101
3734
5071
1226
2562
446
676
4562
961
633
5047
6924
1743
675
3248
6332
8254
2458
4829
1622
9513
626
3799
2072
8666
5588
8711
7158
78
6627
3804
1530
360
8874
2755
2922
5671
3430
3835
6631
415
8881
9907
8509
9555
3154
4840
4161
1963
9668
2134
1476
6645
5932
9899
1663
7871
4961
8820
7948
1587
8975
9477
1947
7849
8584
1220
3519
8365
5054
6502
8779
3934
6408
7287
9840
5913
2126
352
7876
8145
2486
5703
4790
4769
1953
6452
2640
6914
1623
587
8500
598
6416
6798
4798
4999
4369
4668
3363
9422
1169
8494
9707
3928
5780
5899
6193
4258
6250
420
2402
8735
6122
3543
3504
8074
6346
6143
1339
7969
3081
6191
8566
5848
2988
3363
846
7357
8030
561
3130
5551
9054
9189
5830
1185
5087
2022
1794
1336
8793
548
6423
4914
4090
9926
9340
436
2420
678
4756
1852
3220
3321
7700
6208
3035
4897
9916
7416
5457
9397
2966
862
4937
5148
8399
23
3521
192
7711
2314
7091
4133
3579
1181
4058
9270
7968
2829
6300
2723
4680
9519
2395
2379
2078
5429
7276
8345
9196
9084
7742
8514
6298
2678
3661
4696
9053
7181
1239
6763
5846
4682
895
9425
5862
1304
8694
181
4132
4993
9255
8811
864
1649
7542
2941
3429
4817
1286
2624
252
5379
1137
6549
8056
4797
7596
3460
8330
5187
222
4175
9868
7468
9951
2081
8771
8645
8613
9254
9989
7867
4417
852
9515
1958
145
2943
3126
1430
5566
3377
6808
6703
6278
1215
7851
225
4675
6180
5411
1248
6707
1630
8716
6657
62
3838
1653
8674
9444
7994
6540
3860
8845
6054
5817
5341
5348
8942
6770
7266
8670
3577
320
1299
1144
8170
1524
5818
702
3286
3417
7408
4916
8484
416
4977
8674
2069
3651
8117
6414
6542
1976
1610
8948
4144
6951
4295
3085
3720
7912
8106
3649
8231
9405
4792
2753
7280
6961
3454
565
377
7213
5480
5213
3980
6809
3886
2400
6811
2002
8813
3352
3977
423
2299
8120
7373
2946
7556
7444
857
2013
1092
9088
7769
2235
1840
5048
9195
1645
5613
5924
5209
7444
1136
9188
4252
5021
1588
7414
3374
400
7118
7350
7174
9416
1821
4546
8713
5728
8342
9570
7740
9433
5009
1861
8020
3200
6908
7214
1196
2520
9489
6404
9964
6976
5591
567
8348
3530
4333
1721
282
1450
9070
7455
7217
7242
8353
5930
9321
6694
1851
3413
2478
3211
5273
497
6410
2180
7711
3957
4700
3551
360
1015
527
2302
7933
8874
2184
2265
6947
2465
3714
6016
9919
931
9610
8271
6860
8930
1316
5062
8694
3794
8272
3966
4290
4681
6146
8352
4989
7197
1903
5348
8211
8781
4001
2495
4006
6184
4760
952
8648
8473
3320
4919
5755
9281
3189
8966
4562
4505
4027
3256
4650
8650
7221
8939
9682
9718
7291
4670
6914
5545
17
1476
4325
4018
3971
4682
6553
5082
5634
5201
9906
8953
119
5661
4585
9659
978
9146
515
1357
2401
5164
6
9622
4103
9688
9339
7745
4357
2605
3289
4374
432
7613
4743
4402
8646
7647
5835
4279
2847
5741
9583
9317
1401
4167
5328
8730
3313
2194
86
2065
3710
92
1686
4164
9779
7377
1908
4135
6333
5196
4860
6764
9160
5954
7518
7805
3601
3352
8436
2799
9092
4370
8468
6844
8537
3795
5574
8201
2340
2011
265
6049
2102
8303
212
8232
2031
2119
2367
8363
3666
3578
5126
9177
9532
2643
3334
9484
2347
1769
2282
1438
2490
7101
4634
1026
895
6559
5578
9587
8569
2195
5635
7023
497
5847
5254
2527
4317
3972
7241
4335
7550
2366
9863
3433
1361
3196
2916
59
1316
1549
7848
3806
8650
2481
1183
5896
5391
3113
5482
3960
5307
7469
7334
5803
3315
2587
4681
3983
6559
1921
4669
460
638
4532
3892
8350
7727
3159
8408
5395
4707
6256
5552
3356
5088
6734
5604
479
9846
1085
790
1504
4905
8123
3658
8219
709
8338
8554
3619
6610
9574
4078
3600
4105
7969
1949
8184
1127
357
9930
2186
2964
5481
1893
8051
2214
7496
8529
8412
4933
9318
9915
9837
7440
3573
4408
4501
8262
9313
8119
4872
8886
2197
8471
9343
6517
6771
7526
3996
3479
7455
2533
6442
9287
4425
4493
1500
8273
3021
6263
9557
2339
6178
5745
6130
6102
152
630
4363
5816
8749
5586
1054
7297
408
396
3813
3531
4273
4160
7009
8079
6692
3451
7365
1117
7943
5216
5741
7315
7831
5297
9653
4008
1041
2135
6461
7545
2764
7175
9712
1512
2761
765
5160
9520
7512
8973
3050
8136
9484
59
2566
6176
9861
6282
3644
7803
1498
9384
5117
9328
4680
1122
9687
2072
3256
6147
9616
6019
9673
9328
3883
2433
6444
9042
8305
3956
4366
7706
2091
3850
7764
1009
6377
3976
7290
20
1778
8787
5755
3247
4466
434
4368
504
2505
3975
3002
8473
6345
2675
4152
6579
1459
595
1973
9763
4550
6338
3821
2993
6539
7936
4001
9267
1912
1290
9286
3689
6429
5040
3287
7246
1825
7654
4102
682
7980
7103
5506
4325
6129
9657
7255
7588
251
9227
3702
1153
1917
7522
4145
8455
5458
4497
4074
7369
2138
3359
7409
4918
4751
696
2164
2927
4701
2617
9960
2681
9719
5465
3357
5848
5121
6963
9787
1724
6190
3488
2876
8106
1010
3372
2912
2819
7868
6985
187
6357
6696
3947
1275
7798
4642
9790
724
9343
2406
684
8375
8476
2500
8083
4323
3973
5045
461
5696
1234
3949
8571
5691
1310
1942
4955
4128
6161
1939
666
2517
4986
4612
3791
2783
9254
9932
3507
4948
2337
542
9674
813
3041
7756
1487
7013
9152
1948
9060
6738
2248
7630
2428
3557
5923
7382
4036
2083
5673
4701
4600
658
9312
4742
3441
4917
1026
3299
9864
3362
3840
5889
526
3232
3644
8365
6597
2796
6664
5656
9533
8911
9638
8312
8819
5560
2046
2854
7643
7718
3906
8594
4727
9569
9687
8167
4486
712
1465
701
426
1656
6590
7303
1240
6585
5667
7836
9380
8682
9843
5264
3944
9480
9928
2762
5040
1973
1967
9034
6042
2224
7627
768
1793
3665
8935
6278
4377
6751
3330
1154
4759
9919
8456
5998
6504
475
185
2235
9156
27
3851
9452
9507
3778
8565
898
2102
532
9931
8143
9107
3909
8910
899
7573
4196
3528
8301
947
6858
5806
5705
3128
4262
8054
5983
4736
8238
4570
243
8264
8420
9694
4122
8549
8259
5019
650
5142
1301
8792
4248
5209
4053
5147
9134
8249
5026
3786
5547
1883
9592
1251
5011
205
9304
7345
1292
3893
1914
7886
2156
333
7580
6278
5233
2190
7648
5882
3683
8949
1025
7930
509
1430
9428
5994
9678
4454
6132
5224
2688
2075
2826
4050
2279
8481
1395
9922
2373
3308
7807
880
9993
1738
3509
5225
3927
1157
7459
7609
6457
4835
1891
6965
6264
7670
9311
2293
8475
5442
3868
1163
7516
3045
5212
9794
1525
6606
9715
249
6266
3873
7481
6258
5611
989
1482
9537
2145
5292
3498
8601
127
1740
1918
6390
9409
1228
5035
7884
3021
8902
9046
536
1947
609
6681
9823
3567
2747
6424
9832
6619
3904
6089
2229
4892
3922
8118
3389
9214
7967
1989
5692
9706
258
8433
9114
7837
3467
3349
857
2369
8746
1392
667
9355
4424
6841
9273
7170
3264
9104
141
7167
1544
8721
8411
1817
6838
1799
7382
4804
139
3073
4509
397
1506
9975
4585
4972
9675
5442
3692
8421
3185
710
4127
7609
7551
3399
1130
7166
8854
1270
4333
6749
6343
9095
8565
3180
893
5947
4336
7383
9019
5196
7779
524
1522
2364
1848
1197
4157
1891
5969
7341
2601
6447
1301
151
6197
8783
7316
5050
6404
8000
1798
2746
7094
362
5926
4338
2660
261
1721
1679
1808
5851
8554
3330
4566
6753
4526
5074
8644
494
2415
1244
6940
67
7746
3136
8849
5061
4537
5253
9413
2686
7998
2858
9399
275
7196
2059
6887
5268
3737
8695
7470
8642
2024
2036
5395
2901
7109
4038
9746
5875
1633
6685
5942
9378
6172
1142
4438
7060
6394
202
9745
744
3060
9143
1018
255
1201
7905
1874
1289
2951
9343
6283
4974
1378
1677
7874
4839
2066
7619
7065
3698
655
3006
3075
3178
4148
3864
237
6893
4066
6333
7636
7125
5475
8654
3731
6676
2910
1956
4316
5860
1298
598
7185
9028
8626
5058
218
7043
9028
7282
740
6034
6640
166
5563
7139
382
5799
4031
4447
2131
1667
7923
3957
6672
8005
6984
5933
9960
1300
1792
7609
8249
8976
2988
6875
385
3205
3917
5764
487
1009
1797
7126
7526
7359
616
7907
9509
4646
8705
7991
2664
6627
1947
5687
983
8931
1619
7294
6582
3410
1255
4830
8737
4242
8056
9121
7447
8325
4884
4285
5685
6680
7762
3210
390
8377
1117
6250
9374
9821
4240
2038
2800
2539
4076
134
1469
5695
3780
4402
5456
5034
5583
4193
9275
3639
3313
3073
8315
8197
3709
3999
1228
1470
7208
7970
6198
4676
4219
5572
849
4811
3961
3648
7349
8036
133
5169
3730
3912
9570
9186
8945
5152
3378
4572
5142
6690
7644
3456
1238
7705
3806
8818
9174
7366
6787
5372
2041
7357
7295
9241
8519
1255
2888
5867
9290
9373
7387
3020
3284
6956
8557
2229
8460
1934
3152
3601
4975
7147
3409
2565
4851
7214
1382
4025
4579
4520
5748
2972
8228
9394
2212
6747
648
1452
8965
9937
824
6352
9308
4107
3307
7864
2687
1766
6149
2190
1719
1124
9337
5127
3688
4187
2340
1421
4563
3271
5940
6662
6242
519
6055
4805
7265
6702
6256
6230
2991
3431
2581
8650
3890
2239
2866
6576
357
9014
8766
2075
6489
4454
7201
176
8640
9540
7948
3203
9162
239
9864
5403
758
2271
208
8022
5324
2815
603
8314
6246
9535
3316
135
1774
6181
3062
2130
5194
8179
556
1683
2632
7756
8210
7624
3647
6158
7178
2809
2748
7041
4563
3505
5663
1122
7879
987
3937
8481
5652
6534
4368
8967
3020
2493
1499
2433
4622
6693
6964
1529
4727
5947
9284
2936
3570
2930
5445
747
2090
8193
4140
6653
8049
9802
7774
5927
7140
8062
760
2792
4595
5127
8110
3966
7619
9609
6399
8592
2653
3362
120
7379
5660
5755
6666
9230
8684
8463
6328
7126
3007
467
3778
1055
6621
1551
6982
3760
9613
7741
2903
559
9219
1013
4525
3189
621
7275
1780
3273
6988
8251
7003
2647
4005
3668
8228
9040
8482
4556
6165
1488
1374
6294
2543
7994
7845
9524
8106
3809
3616
1008
719
9186
2020
1595
2374
8992
8869
505
8616
2208
5107
1970
4855
9111
5638
9434
4502
471
3989
667
1959
1715
6960
4501
6060
1156
376
4165
1316
343
5173
8387
9528
3544
9981
8253
8888
5202
5109
3855
7409
215
5825
8615
5677
7814
8049
178
8284
8389
7196
242
103
508
1094
6163
8015
1469
6679
9331
1811
8203
7717
7690
1747
7697
2294
6986
9250
7402
840
6659
3968
3016
5273
9644
829
9673
6174
5465
4414
9721
5706
4516
228
3152
7030
8243
4620
3709
3925
2783
8263
1641
6824
9
5689
9118
3346
4939
2871
538
7949
6839
3553
9573
2834
734
9246
5359
6198
11
5080
8255
878
1659
1406
7908
6253
6026
7968
177
5160
6230
8169
1983
2591
3858
7452
2288
5148
323
9177
9448
3513
2730
9020
2698
9815
4617
8057
6012
4627
9488
4266
5505
7498
2024
9764
3751
4401
4083
279
9560
6664
8448
7894
5606
8657
5346
4246
156
2020
3422
9603
5532
6151
8622
4581
2317
9591
8989
8328
4217
8476
8946
6073
2326
969
2188
2428
5369
2622
2706
1280
5638
1153
9173
1243
6161
870
5488
6316
2889
5262
2270
8420
1412
7244
9353
81
6834
8341
8408
7402
6817
3705
9827
5494
1025
2014
7921
2745
988
6978
4024
6625
4483
9549
7867
643
418
9707
3311
9659
4968
5580
4430
2731
2823
3782
2811
6008
2123
7571
3410
5291
7627
3236
784
8652
1601
5056
7748
2588
2033
8124
9212
6515
7672
3431
3510
4441
9489
6820
4099
808
8751
8529
3538
1574
2310
2701
7581
4432
6623
7342
6074
4249
577
6857
9252
8530
1912
7000
7469
297
5123
6681
6811
9146
6463
320
3586
2303
3491
4037
3110
2242
2565
2999
167
1226
5699
4099
2010
8673
1441
8083
2922
8369
1292
8525
6898
9555
5524
4367
9851
6998
7399
3014
6143
213
9685
9729
2515
3176
117
5624
1769
2681
4974
1935
258
7025
2385
8619
5697
3825
6702
4970
8546
4345
3495
5443
3899
5370
6161
102
2368
9911
3115
8510
123
2799
4590
2637
2326
4706
4612
446
3738
9586
2380
3996
6610
1117
2614
8658
4941
5667
3628
3486
6363
7122
5281
262
2491
7793
363
4858
7704
9829
9720
7826
2627
4309
6815
1305
9015
1426
1750
2752
7363
482
3099
324
1598
2065
8982
2890
4083
2609
2728
446
6082
8008
707
4924
5800
7421
9782
9855
7249
5853
7681
6227
161
4495
3883
9175
2272
5633
8279
5987
2466
1377
6310
415
9793
1643
3304
3876
4251
2383
4321
6684
6742
1379
1608
8894
8799
7741
8748
2399
3593
6428
4977
3753
7274
8860
9280
5898
844
3910
1884
9661
1638
4545
75
1431
6188
9730
5306
6790
2113
5978
3474
8854
7356
5081
4099
6154
2821
2847
4904
2765
5626
9880
2869
2900
5091
8500
5149
5934
2409
3384
1946
4047
7928
2020
1829
467
8102
3486
7257
214
9463
730
5419
6818
2162
9518
9323
1334
8716
4226
4098
4341
457
3318
3592
5548
1818
5092
7833
4226
8475
9779
4624
2755
1798
6452
3221
9899
9937
477
6464
9399
7558
8235
2568
6071
4104
1890
3756
2819
6115
4205
3511
6572
7523
3455
2119
9340
8546
6303
9917
7021
6081
4541
6127
7879
7344
9347
4129
3633
6176
6945
9383
85
1531
1951
6156
5634
3840
9911
4804
6307
468
4666
9230
7990
8120
7700
3681
3018
4002
3597
38
83
4489
6164
4313
8185
1862
4793
1817
8037
1737
7551
8122
3267
5853
629
5252
6045
6891
55
2351
7358
4721
1580
1699
9192
9279
5379
2209
3280
8976
8598
9714
3464
1113
4026
8000
2975
8819
9816
1011
6907
3719
5484
174
9571
6112
5425
5615
9355
1832
7965
6712
2904
5896
8411
2095
5174
3789
4304
4806
9116
2901
4519
8932
4014
8545
6931
6988
3715
3099
4350
621
6817
6186
7146
6387
8649
8923
8354
8003
754
2670
1067
3657
8566
9477
5751
91
9617
6406
1248
5085
9307
5767
4016
9672
663
7298
6659
729
396
7360
1349
7212
9897
8495
9951
8546
7417
4656
6548
4522
7325
3966
8178
5890
9794
280
5981
9411
6686
3580
847
2344
9346
1214
2015
6360
8511
5025
7088
8907
2384
4789
2470
2281
9635
8772
7178
7051
3427
77
7924
752
4043
2453
2993
3836
2732
5325
9598
5769
8905
444
8112
4602
1657
126
962
6520
5150
8049
5426
3886
9189
4247
2518
8823
9371
6047
5873
2797
6123
148
9900
165
2600
2893
4001
1684
4569
9950
7452
3473
394
5564
8075
8402
2041
9036
4921
3543
3436
6698
3780
2625
7297
2649
1447
6667
8695
3672
9463
4817
3819
5715
4982
2771
4959
5334
4454
9527
5283
1905
3000
2028
3820
1074
6782
2213
6461
1702
5755
6248
4752
5886
8872
2048
8534
6671
8714
7228
6694
4528
8396
6864
242
3377
9634
5200
5062
4087
4727
6697
2344
4078
8724
2515
1503
5505
4727
7963
3559
481
562
4662
2718
5786
6709
1251
2456
1774
4830
5501
6301
3226
2364
2895
2954
1998
4446
8016
2436
5524
4712
1131
5953
9787
3646
7455
1644
8372
1769
5202
5205
2331
6215
7922
8116
2923
5525
6923
1048
354
2423
3700
3579
4786
2946
6533
3135
7392
4548
1923
9267
5611
3053
5220
5397
3050
2674
3392
1422
795
4945
2978
3125
1159
899
7592
433
2775
4514
1480
3129
6936
5180
6707
8073
8125
3239
7560
1868
4138
9482
1135
6100
8886
2706
7849
1936
1731
1240
9709
2525
6185
2686
2001
7343
9936
9592
4128
2711
4105
5607
2191
7392
786
8897
5465
5263
8488
3024
7130
8977
8857
8264
5077
7742
7321
9277
6029
9052
516
2089
1576
3052
4774
9929
6747
1062
9520
874
124
3625
6480
2314
7368
3618
7562
2832
8880
2401
2207
6009
7730
7415
625
9158
1509
7945
8434
7537
3348
5301
9626
4924
8353
751
1204
5099
8164
723
5972
4639
699
8803
3304
8067
2420
866
7250
7651
9618
5809
3660
7347
3223
636
6504
4731
8580
1289
8620
8280
6590
8245
9555
4942
5347
758
6392
3511
1480
8715
8149
2179
3869
1453
6597
6289
8670
3846
291
8287
9654
3950
1986
9229
937
4841
3959
5869
6130
2578
4148
9071
7174
3702
4012
2521
4459
6755
6031
5938
5469
531
4468
9337
1983
1064
1977
7004
4910
2268
5291
915
2569
3628
143
9858
8468
454
5726
949
9383
9873
19
6557
3574
382
9077
8032
7136
1459
321
8956
1989
4789
4645
324
2204
2973
7327
3465
5240
8969
732
4161
2596
874
4018
7416
7679
6095
4716
7062
5967
4735
9970
5892
1468
5398
275
4956
6856
595
3911
5196
1735
4907
1871
291
7880
9198
3755
9471
4518
4486
3631
3466
1712
4000
7233
9390
94
1948
2803
2412
3034
2772
8303
4502
8169
8577
9457
1376
5524
9719
2924
3610
4626
4794
3900
2505
343
7655
1975
1213
8492
1958
4678
203
5957
1910
5945
2403
209
5099
4814
3243
7871
9469
7744
2391
8045
3552
119
9920
3270
3042
3530
7895
4187
7429
399
882
1435
2374
2094
9927
4331
6771
6481
6639
5032
8777
5393
5240
3876
6559
8482
8098
6027
2577
488
423
6128
606
343
9398
9999
3872
3644
538
7652
4043
1419
9087
2768
3512
5365
3450
6634
8197
6440
8017
6974
1833
3256
7201
8391
8090
5298
4417
7018
5785
1191
3146
2743
1533
8895
9093
5404
2538
9630
3056
6580
1048
8494
5699
911
210
9148
7544
8406
5588
1912
1731
7420
5168
8931
2162
9609
4228
2930
6626
6365
4120
6123
5459
5653
5017
903
7408
3907
533
6815
6838
7932
5308
2537
5195
1869
8036
2738
275
3623
1002
8357
7394
6169
7288
9555
2129
7867
8836
5106
4231
2956
1229
6041
4960
2597
6944
8719
6503
3828
5534
9693
1759
7193
8581
3305
9062
6616
2395
5688
239
3396
4044
7632
5916
7683
3539
8044
5550
8726
3149
6132
8033
729
8525
2992
3326
5468
1711
6180
5647
3596
2224
3757
788
804
7062
6201
7420
9456
1888
7658
2851
2284
1641
8766
9966
1531
3161
1867
257
6309
4351
8289
7038
2875
7633
6715
4694
5695
9246
340
9290
1470
448
6429
2273
7509
2630
9692
3316
869
3701
6166
9504
1694
1283
5822
9576
4443
7688
9832
752
8390
4473
4141
7616
2105
855
2309
7799
6452
9000
3440
7921
5800
9868
6546
3308
8849
2589
6624
9718
6290
9141
9221
4335
424
1394
3910
4866
9082
3742
5617
3823
4566
6109
1439
3022
3315
3747
7172
9767
9099
611
4039
4898
6830
584
4557
5679
3173
1180
1748
5814
6673
7320
148
7096
8714
4057
1961
4147
4150
3930
7969
8715
38
9407
8088
3353
9506
5259
9471
4956
5869
3509
9853
9051
445
761
4729
3617
8293
2828
9430
4965
147
5929
2060
8860
9985
372
9358
487
4301
7327
5553
691
3085
3641
395
2590
8899
9865
7545
1120
9725
3749
170
169
862
1250
3785
9154
4077
9566
4118
4223
5494
2529
9435
1831
2900
8792
2317
7201
6118
7869
7891
9203
7861
8285
8144
6760
4501
2041
4231
4225
2141
4400
746
3002
5649
4530
2155
9725
448
2624
299
5941
5152
9733
7771
8052
4877
6439
1604
994
4308
9494
6548
2168
4130
1044
5279
4982
3084
9509
5558
5224
260
6303
4578
5908
7185
6732
1984
7632
9356
8635
3572
4507
8367
7695
8910
3243
4133
513
589
4792
6358
3488
3312
6839
4531
8590
1820
7614
4451
7378
9190
4710
32
119
6970
7216
6850
8953
4847
2557
7587
4771
3416
2306
8817
2325
1900
9301
9190
2488
4093
5547
2328
3756
8738
6858
8697
557
824
3147
4286
6365
4209
4318
6483
1178
7885
9684
6482
2732
2241
421
3854
2008
2726
2670
4332
4625
1970
9873
3465
2414
5420
5792
6169
4157
9001
4866
1065
9824
4364
1703
2540
8572
2372
9022
9749
256
8706
6231
2987
7298
3003
6840
9305
5728
9509
9988
6704
7831
9861
6520
244
1632
8663
6413
2140
7664
7630
9556
3839
1993
1258
6379
6917
3629
1752
6665
3885
457
9247
3223
4106
2249
63
3410
4328
5923
3398
7384
105
9610
3903
349
1241
2566
3113
3380
6581
742
2935
6771
9086
545
3149
6002
4173
1253
9019
4409
1709
4617
7632
5815
6866
4046
5576
7545
9968
8973
4928
73
4934
8831
6773
6174
7748
9885
5905
680
6978
5192
7450
6063
2088
6951
8417
6260
8203
7435
669
6263
2051
4652
8429
5268
8697
4005
2813
8664
9329
4092
5088
4263
9274
8212
6788
7021
8096
9045
4052
1425
4236
7854
3840
6323
4804
2256
8934
9358
6042
5954
1972
4444
605
401
6064
9301
757
5228
4317
85
9319
5756
699
8593
3968
3839
1965
8415
2883
6017
6192
3470
222
31
6144
1377
8638
5077
734
4679
7383
2705
5474
7987
9457
1537
3640
213
6764
4308
6650
6083
63
3700
1027
382
7538
2991
5149
420
5359
7692
3889
5580
7722
32
6956
2711
1461
4041
7389
8843
3098
9214
3181
2554
751
3172
9119
7514
7479
5768
9948
3894
9467
974
627
3357
317
2127
3776
5675
9818
7665
7607
7539
4048
914
249
1860
4955
3989
7054
4404
3203
6587
3309
305
9758
2427
7818
3589
4546
4118
7482
365
5091
4460
3721
5407
6587
7496
7434
6404
1512
5040
3943
1912
2305
543
123
3611
884
7177
8014
438
3763
1323
742
9872
101
4911
3460
4647
9028
941
1363
4119
5401
1435
5877
1987
5282
3310
8390
3146
4701
8684
5057
7006
5579
1531
6968
6462
8707
4982
6899
8821
2656
3992
8693
2756
8902
2152
3754
7930
9445
1468
8400
4845
2902
4276
3183
8184
3938
7924
1329
4990
2960
2737
8347
8538
4267
5315
1351
2974
6648
4601
1794
9303
8592
6838
8410
7493
8990
2164
1774
8434
3631
173
9630
2885
801
2812
1068
1090
7087
2396
2431
46
5132
778
4935
5750
2444
2637
8723
9091
7237
6869
4745
5828
3706
3154
9673
9047
1669
1446
7480
5300
1619
7109
8184
8771
6272
5603
9860
3359
4350
2290
9756
5833
9419
4691
1582
1862
7327
6657
7304
916
3525
2048
6743
3582
5202
2767
2629
6870
4213
6460
8521
5831
3569
3056
953
9840
5010
812
9550
9359
9453
9306
5191
8872
348
6773
7085
7674
3429
4389
4941
3305
6436
1684
3238
7989
4450
5866
1211
5014
2326
6083
844
2246
5491
8148
8437
500
8959
7987
6211
8412
7292
1401
3635
3991
4525
719
8016
7953
5107
2957
7609
7895
4640
847
5883
5441
3064
3445
455
1741
5880
7650
338
1370
5798
8775
8221
1108
3113
4431
5871
6756
2184
9505
746
6708
224
8761
1013
1682
1717
4973
9576
2708
2171
1811
8149
5235
5255
4955
3327
7486
8956
3665
8855
4753
8791
3428
2213
1903
4210
8083
8658
6393
7588
9403
9453
4163
8163
6817
5844
6232
1789
5420
8939
3960
7230
7087
9194
8836
8393
8872
2674
7349
8888
7880
2101
7678
1307
665
9580
5517
8748
8237
8261
6335
3991
4065
6849
8506
881
2692
4737
2670
8111
3675
6629
1692
7114
2174
6880
5506
7397
5905
9206
6285
3784
7659
3962
5091
8323
3542
6959
7070
8130
1571
9756
8473
5636
6604
3330
6516
9296
8066
5537
3758
8092
8517
1802
1557
690
5033
7063
8087
937
2620
723
4720
278
4684
6162
8601
4577
9472
5670
9059
1043
1778
7531
3030
8381
860
9545
4028
5277
1434
7786
3368
9950
5939
4925
6992
7323
8339
1430
8259
958
2152
9330
7588
6835
5492
6188
7764
4963
8209
6822
2357
9986
704
5386
8367
7915
1283
2394
3191
2716
6531
2910
9017
8821
4186
6008
6143
8876
7437
753
6186
9588
83
3773
2775
1926
9960
538
3240
8168
7359
1949
4506
8062
3686
2872
5976
4968
1617
5518
4035
4500
8427
3052
9672
2613
5411
5815
7840
2848
2919
4025
2435
9353
7797
1561
1278
4108
2098
870
8628
5808
2818
3133
3869
6503
2356
6196
7823
324
8065
8209
4823
6492
7612
4495
5456
3023
6661
3295
5870
5931
7320
4656
5284
1468
2569
2913
5576
4666
134
4203
474
2951
3687
694
5806
6042
3242
9980
6365
1306
8188
7540
4149
2152
8386
9604
5174
1398
9251
7395
7328
2922
8402
2611
4389
970
1876
6316
5636
2009
6870
2461
1312
556
3154
3469
6597
6395
3448
9314
4053
7987
6853
8201
138
5238
7805
1663
2987
3407
9057
314
6328
7459
9277
7068
4780
1152
9736
6767
9512
6605
9227
823
7161
2381
643
109
5127
4090
9422
9179
8429
2626
3732
4918
7863
1536
6581
849
1294
5637
7515
3973
9447
3143
1040
579
4294
775
7345
157
7380
6572
7332
892
5304
7974
1000
6782
8416
6774
2313
6844
9399
6044
1761
3614
3931
8341
814
5224
330
8328
9196
6128
1470
6587
6706
2115
3714
4051
2272
7445
6974
5955
8336
2277
3928
5687
5410
2343
2460
7722
5538
1859
3765
7299
1824
7695
1991
2637
9270
2320
965
8465
4800
8786
1404
1505
7253
5117
5555
5876
8913
8880
1830
7248
1156
5757
9286
6566
4452
8098
4287
9989
9956
4404
3639
8131
2098
5630
767
7720
4301
8083
6184
9100
6869
3939
6957
4121
5407
8863
6348
4319
7743
8177
7918
8898
285
7204
1815
4736
5301
2454
1077
1608
6857
4715
9738
5306
6696
504
3025
7349
8587
5561
6448
1807
5851
9756
2279
1258
8619
8626
5576
6361
6802
3494
1610
3438
7049
3425
8174
2349
2230
5602
308
9086
6668
45
743
3364
6900
120
712
1838
5680
3511
3644
7882
9619
2274
9139
8237
899
4715
4597
4052
4560
2558
7490
1608
5982
2015
308
8211
3968
615
3648
635
659
743
350
3910
862
7413
5748
2893
7276
5743
774
6894
8017
9913
5130
5267
979
6078
5671
1890
8635
9512
3497
969
7878
3804
9179
1845
4418
9179
2479
1428
9921
2829
5337
7134
6593
7436
26
3868
3179
799
761
7547
7063
5890
9165
4393
8319
4835
6282
6954
698
9778
7922
8575
9933
3452
419
702
8982
9250
8481
5254
8430
3818
2387
5022
7605
2412
8890
783
9563
6002
4681
2977
1892
3846
7370
6562
5032
3
3515
5730
6133
7788
4304
6065
7592
1075
6767
6573
6676
5247
1827
5105
5416
565
6478
3021
9329
5367
155
8891
1369
1188
8219
9612
5033
1940
2525
6416
1943
6040
2145
8075
179
2801
491
7770
3875
3609
695
550
8856
2521
2006
623
3085
8483
9995
8765
202
6502
7655
7922
7689
2226
3885
9073
517
6409
5488
2459
8800
3985
6885
8979
6785
7376
3100
7011
984
3794
7560
6191
2666
5917
3166
2103
751
9512
867
7304
6013
4874
5225
53
7099
5461
9125
7615
8222
965
6426
7021
4949
3310
2351
1733
7037
5451
5095
8021
5596
2654
563
8262
4922
3728
6716
5672
3240
7582
2976
5604
2455
4552
5657
5905
6365
1133
9872
4586
8449
2649
7958
3397
2310
309
1481
9347
2111
6575
3719
4058
5580
4281
8671
6853
4361
5386
8877
3952
2968
1852
9555
1774
2755
1563
4031
5471
9048
254
56
7496
2902
8014
7245
5211
4674
5077
909
3136
1652
4627
7193
3583
5260
5864
436
5972
1249
9312
9923
568
7515
5829
8694
6621
3744
9076
2092
2791
9329
8499
6638
8582
2864
3882
144
7537
8959
1053
7024
6962
2031
4217
6896
3642
6432
3683
9613
7680
9346
5887
4600
6860
8068
9645
9833
1811
8720
8276
953
4400
6774
7590
9333
5990
1472
9476
3526
6782
6880
6902
3743
8911
1118
6990
2552
7549
673
8517
1580
18
4403
2531
3230
2470
8527
3062
632
7246
7689
1584
7997
814
9174
7329
6803
6997
3157
6681
3778
36
3582
3872
5298
1051
7213
4202
4951
7885
2718
2882
7903
3472
5413
1132
5942
3939
545
6573
7537
4585
4509
1885
5398
3682
9214
2201
7030
2370
5233
7159
8757
8814
7382
4055
9864
4594
8256
1166
2479
7325
4047
6733
796
5811
7864
3089
6102
4760
9662
3638
9344
522
5522
1093
4203
1087
9645
1232
9808
4877
8390
8565
42
2123
2619
6257
6716
7226
7422
9194
4550
1469
5926
5345
3631
141
8434
9732
1252
4447
9721
6947
4968
1595
4392
5522
2681
4036
3105
2489
5265
7846
7405
5306
9968
23
1563
6683
3600
8984
2229
8149
6804
4506
9845
435
999
4630
6518
2250
5428
6239
5549
6747
7833
9940
2268
513
327
1724
9353
5591
9569
6757
897
9536
3131
8811
2571
6730
7794
4799
1230
950
5656
7427
7736
6654
8408
4253
5256
3836
491
804
6934
4675
7095
5554
1540
7421
7277
892
3012
3198
4001
260
9085
7131
9070
1655
213
3215
2805
7794
4164
8461
5220
8251
1466
3628
8856
6721
3815
9346
3876
7100
373
970
2653
1912
4743
6282
9155
7754
9479
3155
4365
8563
6638
3434
6570
3202
6648
5726
995
7164
538
2567
5414
2004
2546
4269
8724
6360
9967
8952
9811
6691
9921
2464
8602
4663
8745
4108
8768
4575
3615
3132
3137
252
6565
6058
3453
9565
1784
799
6728
2321
3365
8493
4324
5910
9114
9400
8621
5432
8351
8432
2122
8271
895
7075
9286
5991
7534
8053
565
1148
7537
53
1399
4101
6111
1203
17
7894
2002
3096
214
5366
7941
890
7628
7054
289
6248
8837
4991
4679
7310
9613
1925
736
8898
7915
8269
3303
8479
9417
839
8532
7167
1291
4642
4722
1308
8887
3075
755
9100
4792
8695
6341
2419
5748
2981
8667
936
7971
9697
8245
7584
1622
5332
2833
9536
3601
6135
4367
9369
3325
2898
2887
968
3891
3960
8627
2777
7034
9381
8228
8178
8076
4569
596
175
7549
5614
1111
1872
5311
5707
9455
3284
1039
8639
2819
991
1126
3537
359
4450
6434
9597
1769
6676
3557
395
5804
6942
9776
4032
5119
4203
4952
5715
4377
8852
7680
5487
723
9342
1194
6529
2625
8584
5168
1796
9574
6293
5332
9932
7094
8118
9528
8863
4793
9436
5609
6949
6378
5384
980
1496
9586
2283
3562
315
7486
1242
5801
4561
6935
3346
1089
9560
1929
2608
7707
1502
8900
3038
7785
2346
1155
3665
7560
2300
3100
3168
9248
5829
8552
6579
7325
4489
5213
886
4803
2698
8479
6956
7258
1766
6653
4699
1325
8582
7306
5383
6435
2558
8420
572
4903
5927
4236
2462
4578
3687
1981
177
9516
532
3107
6840
1373
8319
4077
2527
7368
8908
5834
978
673
2487
2028
8349
1068
9333
83
3854
8242
8502
4425
9496
780
8660
1957
1709
8699
3938
1885
8214
821
4991
1405
8545
9661
1833
7424
3381
7092
3257
4358
4116
5743
6385
8816
3162
2069
8898
7016
311
3752
1440
9806
4531
6452
8115
2592
1502
8404
828
9715
5576
5819
7471
473
1831
5655
7896
5211
2747
7504
5920
6862
3247
8656
5678
2760
7077
4575
9775
3739
8326
7567
9896
9209
370
4362
1800
1871
9117
2627
7937
4693
4797
1759
1517
2980
7413
5764
4542
159
3267
6814
3373
2865
5469
9050
5625
8897
9976
1751
2635
4654
5669
2531
3862
6038
6892
2013
4260
6009
991
8548
7053
2140
306
8569
1471
7719
684
6012
4229
302
2825
7601
3167
4646
6650
5143
9894
2978
6893
2529
7631
2562
1411
7844
4951
8302
9856
5563
662
7198
4110
7714
5689
768
2634
7159
8486
9669
3171
2714
9971
2347
315
3137
3344
3316
8279
3238
6293
1523
5766
275
436
7176
8118
5387
1829
4325
7301
2491
1523
7762
6556
7211
8529
9190
722
3366
8858
3892
2432
8828
6238
2746
8316
5934
2413
2946
9171
5058
4469
1288
1684
4904
8463
9802
6642
6643
478
294
9133
8352
8056
5689
1915
6584
1230
2636
9950
6439
6527
2381
1619
9116
1478
9934
5049
242
9232
571
1651
3700
1858
3335
4955
6672
9488
7949
3315
9965
8242
2447
8317
6297
4487
231
9233
2068
2866
5534
8507
5744
7914
125
4859
5743
6410
6260
2336
5641
3182
339
5692
5040
3673
6999
1711
9512
4947
5025
9476
3188
3824
7792
9485
4662
4374
5069
6730
3591
602
5236
9334
4867
1712
545
609
4473
3156
9296
6466
6337
9634
2157
1376
9658
9155
9439
9169
4101
4463
8645
3641
4638
2788
9477
9300
3514
4545
6029
7104
5146
7616
6438
12
5679
3334
6972
151
6489
6267
6616
2825
2253
5125
553
1910
631
9991
7431
4732
805
2427
4724
5443
1566
4200
1094
5079
8744
7122
8535
3889
1089
4972
252
6767
4657
7223
3269
1145
9841
6237
321
2093
1361
873
355
1991
7215
4137
3074
8020
6563
7797
9814
8128
8348
907
9559
7091
8028
8093
7331
5468
9416
7582
8586
4072
4804
1854
1568
4645
8090
8240
3089
5802
9113
9795
7793
2679
3931
7218
698
493
1367
511
4973
9714
7769
883
6805
5796
8975
4135
7615
4742
1717
6200
5165
2872
8054
6732
3868
2495
4971
6957
8297
435
6751
6089
9466
682
9658
6515
7526
1024
7026
8850
738
4794
9732
7542
6942
5058
8028
908
9799
6096
7108
4963
8968
5161
8046
2835
4007
9369
6143
2303
9803
2894
4743
5620
9927
4401
2135
7452
5424
5512
6302
2513
6657
2385
54
3598
7443
4434
4506
7241
529
7965
8556
5848
9477
6601
5035
3483
5969
1177
5786
2124
422
528
4095
348
1280
6229
4152
6704
1740
453
9216
8397
9189
5622
8346
6631
6407
9203
224
6935
7167
8779
9135
6643
1731
4169
126
4052
1697
2263
2527
2119
2790
6621
2466
422
2850
2969
3477
4589
3421
9044
2985
8962
4665
1331
5592
1071
6885
5815
4358
4052
4593
9844
694
2676
364
7171
6727
2060
9433
9253
4178
8575
5873
2996
8996
8722
5964
2472
9663
5737
1515
2647
4698
2532
329
6641
9954
7214
2456
4311
7617
3400
506
8310
2427
869
1833
9153
2929
1265
8405
3458
9839
630
2805
8834
9351
5121
1305
9013
857
9172
8012
1906
1703
4692
4898
1656
8257
7353
2319
5873
7105
2824
535
9531
3693
2367
5036
2973
9983
3440
6430
9822
421
5587
5007
9772
707
2664
5136
1563
1835
9499
9820
9889
543
4717
1544
8799
8422
3862
1024
1878
3038
1558
1408
3082
276
6443
6054
258
6235
8835
6431
6655
4421
1438
2778
5127
453
4266
3041
8639
116
9212
8527
7010
281
70
5809
8702
284
3184
579
9673
1093
8338
2754
1368
1133
5159
7977
3719
3993
4408
6725
4766
2197
5855
6244
2649
6472
5637
1287
6587
4848
9813
3597
1480
6234
5757
181
2869
5292
7111
2541
6384
5449
5294
7751
2933
6804
5727
6651
7149
6486
3375
1914
8682
5581
4509
1330
2052
6497
8968
4991
7697
5132
4939
9176
1366
7047
9357
4234
2338
6467
6775
8721
8267
8420
6471
1199
5224
8549
4201
8724
5035
7576
6989
3716
9508
1497
1398
1560
7994
6717
2902
5690
1849
7840
1217
3214
1238
573
3799
3575
3392
6925
2295
1658
1697
5117
9209
3272
17
3409
1995
5051
7336
8983
5119
6844
479
2868
4755
4824
9584
7656
6865
1432
1847
8082
997
3084
5006
4796
6658
4749
1720
5304
2759
3416
6772
1967
6687
6788
1727
5033
8191
5415
4015
9661
2258
846
2528
3364
5669
2111
7371
8886
9895
5569
3319
891
8652
4676
5686
1661
9425
3758
3316
2183
3525
87
501
212
3226
8579
1596
1416
3993
5611
1076
2602
6456
9955
5965
8476
8418
9687
3713
8312
5255
7031
9202
258
8059
1240
8270
7483
4997
1585
6017
4873
8023
2869
1436
1249
1447
3032
9016
5440
8642
6444
4393
1449
6398
6710
9924
4815
6396
9989
9478
1651
7019
5032
8260
1429
6271
6530
8911
7619
8114
1279
2491
6137
4147
3927
3737
1946
6958
9104
3737
1951
5547
8129
3399
8297
1190
9674
9463
7586
9662
8941
5588
3033
3972
3847
4461
6594
376
9724
4212
4842
1002
3054
7330
1501
3332
1066
9798
6641
6521
9886
8591
2068
8014
8341
364
9204
8015
9826
3141
7676
5118
8728
7060
9089
2574
1521
5682
9302
1244
6245
4143
8597
5651
1472
97
8982
8889
6246
5623
5409
6131
565
3828
497
8906
543
6052
3272
369
9192
7299
1838
7919
4359
927
6844
5879
2960
2497
3474
5557
6639
2070
1207
4462
8519
188
9702
4764
2162
5111
895
9079
5290
1391
7984
5833
7442
1255
2553
6633
4905
4390
903
9263
1668
4098
1493
4628
2947
4966
6536
5937
7036
7742
399
1906
4281
6452
6669
2795
7914
7563
1873
3204
5305
6208
9036
9098
3814
1588
2082
8718
2329
2984
7981
3997
3434
9473
4976
6380
791
1511
8668
7826
5604
5418
9731
9884
1870
2751
9030
9783
6666
902
2986
1970
7109
8373
1068
922
9960
3149
9640
2289
2485
3972
2637
2270
9796
7612
5001
586
5474
3668
4763
1077
9086
845
7312
955
3596
6342
737
6613
3595
75
8582
704
8447
6001
7977
4759
5502
3968
3399
4338
4291
6035
6607
4087
3646
7959
1024
5471
1626
5787
6547
711
6631
3858
8017
6578
199
5106
3190
3794
5180
8124
849
9978
476
5177
4736
5977
9145
8134
6666
9787
520
3272
3873
517
1230
4897
5987
9208
7035
2533
6270
17
2743
4287
2947
2941
5744
6136
3086
923
611
286
7252
7439
5463
8340
3415
959
6473
6433
7097
3345
9704
970
3861
7286
2218
9848
6493
9252
8732
9114
5620
1474
3400
8566
767
9143
1054
204
6417
1664
6842
21
9102
2304
8360
8869
9614
1184
5301
6710
4528
1356
4031
8389
4993
2600
4588
7837
8203
3319
6951
3823
1145
6702
2388
1911
5845
3441
8466
8613
1457
5307
8633
6910
3962
3344
2130
9927
4528
7430
2989
9055
5138
7019
3795
130
5971
8382
4319
4173
8053
1269
7995
5549
7970
6735
7459
166
6527
2276
8779
4335
7583
3763
1245
1544
7107
3374
1471
1634
7156
4459
7040
8645
7829
835
8774
3799
5568
3092
4324
9972
712
8670
5520
8682
5404
9330
5199
8283
1606
329
2617
9188
4092
213
7083
7550
3587
4905
5535
7094
9363
8926
5738
3544
9760
863
3694
1680
3955
8017
1651
1018
6687
3523
9699
8442
2852
4898
6724
809
1578
5693
6348
5669
5905
3431
9570
5843
8335
1456
2936
4050
382
8673
7593
141
9536
1286
8172
9842
5655
9823
859
8693
3345
6910
7134
2548
8159
210
3357
9736
2254
9704
1757
8158
3134
7678
4001
7821
9134
3288
1870
9515
1961
5814
6007
7848
3451
4179
4041
5457
353
4899
4149
3697
8160
1283
6244
2670
7844
5952
8758
97
5656
514
4606
5141
4543
4958
2961
3676
8246
1182
3190
206
3347
5549
4405
6798
9727
8445
2254
79
9695
6403
127
4207
4037
2722
6876
8232
8674
5633
4680
681
2498
9285
5821
7041
4243
5134
716
2488
6315
258
9045
9662
5806
9801
2811
1884
8245
1416
8314
7939
4170
8440
8497
8206
7513
5373
2789
6186
7357
7468
3218
9855
6753
9039
3247
7347
524
314
6186
6838
571
1582
2851
2728
1382
2013
963
9626
3429
9276
3916
7598
7715
2413
2156
1580
4137
4944
7765
1493
8764
7335
1347
1868
6373
945
9214
6896
1259
1751
85
1829
3332
9288
909
4713
1300
1871
4338
1080
1147
4605
5030
5213
7017
7185
6792
1153
8480
909
2646
7243
8243
344
9110
967
1289
4675
4214
2547
6425
650
727
9756
6289
7987
4468
3941
6210
5157
5020
3708
9762
49
8920
3130
3585
2064
635
8417
9324
9632
5659
3918
9975
1121
1236
7615
5795
1801
6513
8572
2450
3592
8327
8739
7930
9147
2679
4139
655
4050
7846
416
451
3118
9898
387
1533
532
8803
7208
163
4462
1125
6489
1934
8712
456
7728
512
6968
6299
2961
6911
978
8051
4841
6476
7081
5331
7130
1131
3177
3898
7933
2646
3795
8319
4178
678
7122
1385
840
7935
8861
3680
9868
7572
4135
7595
8083
7455
246
1043
717
7575
5446
5557
4050
2526
888
7531
3656
416
1428
7940
3061
1574
6259
3590
2251
3380
4974
9442
7666
3834
9474
7533
1405
9960
1479
5839
7414
8076
6881
8131
5650
8678
39
6051
1204
7278
3582
1211
4045
1361
9151
7105
2935
5409
7046
1537
5140
2019
7331
2805
2204
6804
6689
9960
6763
8167
5798
529
6243
9031
5011
8244
7708
1401
4295
8911
8679
4228
6474
9075
5588
5624
2532
4874
7384
9577
6411
8875
1596
93
1679
3799
6896
4719
111
10
2885
5908
538
5479
4938
1900
3723
8998
3301
8017
7908
1979
8596
4381
7405
4183
6356
9936
9057
3739
9513
1819
2613
7460
8263
643
7610
1510
5361
7720
1519
4598
3628
8409
76
4917
308
3798
3914
3608
8166
8174
1938
6761
8906
9343
7296
5262
9278
2704
9000
5142
874
7965
2601
9136
4959
211
645
320
7930
2163
4917
7909
6923
1344
2826
7231
1494
3091
7190
9659
1264
9128
2772
170
4822
67
1783
451
2770
7134
5593
3643
5098
8193
9130
57
4755
9774
6728
2685
8288
7996
6945
5211
9339
9770
8793
7184
9213
5982
6843
476
1461
5966
6997
6282
6032
8779
3085
5153
5913
8677
5147
7362
3221
4276
3770
7976
4049
497
7012
2336
4844
3956
3898
535
78
2690
7718
5642
5024
4560
6117
6484
6877
9466
9118
2908
8244
2202
4412
508
878
9558
4222
450
185
7991
4777
4233
4840
1788
2921
9683
2096
3170
217
8525
5860
7935
4166
883
8846
6634
3718
5723
6099
2835
4982
695
5036
5746
7554
2265
5303
1775
2715
1840
6118
3843
2424
957
1983
5344
639
4078
4866
7208
8954
7077
5142
9471
4311
339
2456
8028
2413
4907
863
7395
5601
2250
9492
9506
4515
4794
7633
3581
2985
3750
7423
5409
1058
9405
7104
8048
9834
1969
5255
5139
9045
6748
961
3355
3439
3417
7735
5851
8323
8597
9597
275
7198
9088
9780
8064
234
3764
