100

55 85
0 961 219 844 307 795 555 765 572 252 866 446 438 791 271 929 570 538 22 144 991 475 92 703 16 530 147 964 1 709 533 986 669 103 181 975 250 87 740 821 339 957 618 128 747 888 56 425 429 812 768 903 470 270 784
0 3
0 4
0 5
1 3
1 5
2 4
2 5
3 7
4 6
4 7
5 7
6 8
6 9
6 10
7 8
7 9
8 11
8 12
9 11
9 12
10 11
10 12
11 13
11 14
12 13
13 15
13 16
14 15
14 16
15 17
16 17
17 18
17 19
17 20
18 21
19 21
19 22
20 22
21 23
21 24
23 27
24 26
24 27
24 28
25 26
25 28
26 29
27 29
29 30
29 31
29 32
31 33
31 34
32 33
32 34
33 35
34 35
35 36
36 38
36 39
38 40
39 40
39 41
40 43
41 42
41 43
42 44
42 45
43 44
44 46
44 47
45 46
45 47
46 48
47 48
48 49
48 50
48 51
49 52
49 53
49 54
50 52
50 54
51 52
51 53

45 63
0 752 943 708 725 123 319 862 880 226 732 606 726 80 946 70 415 816 592 863 67 109 577 668 562 53 158 487 107 602 568 17 705 724 429 985 394 643 864 620 374 469 345 805 766
0 3
0 4
0 5
1 4
1 5
2 3
2 4
3 6
3 7
3 8
4 6
4 7
4 8
5 7
6 10
6 11
7 10
7 11
8 9
8 10
8 11
9 12
10 12
11 12
12 13
13 14
13 15
14 17
15 16
15 17
16 18
16 19
17 18
17 19
18 20
21 22
22 24
22 25
23 24
23 25
24 26
26 27
27 29
28 29
29 30
29 31
30 33
30 34
31 32
31 34
32 35
33 35
35 36
35 37
36 38
36 39
37 39
38 40
39 40
40 41
40 43
42 44
43 44

59 85
0 205 186 895 674 95 679 708 91 739 569 652 428 837 394 939 231 234 478 266 986 669 121 502 279 780 901 983 785 323 903 879 89 81 552 535 111 612 977 849 180 980 628 368 374 567 951 959 396 216 944 65 689 445 695 468 345 677 604
0 3
1 3
1 4
1 5
2 3
2 4
2 5
3 6
4 6
5 6
6 7
7 9
7 10
8 9
8 10
9 11
10 11
10 12
11 14
11 15
12 13
12 14
13 16
16 17
16 18
16 19
17 21
18 20
18 21
19 20
19 21
21 22
21 23
22 24
23 24
24 25
25 27
25 28
26 27
26 28
27 29
27 30
27 31
28 29
28 30
28 31
29 32
30 32
31 32
32 33
33 35
34 38
35 37
35 38
36 37
36 38
37 39
38 39
39 40
39 41
39 42
40 43
40 44
41 43
41 44
42 43
43 45
43 46
44 46
44 47
45 48
46 48
47 48
47 49
48 51
49 50
49 51
49 52
51 53
53 54
53 55
54 56
55 56
56 57
57 58

62 98
0 490 464 838 294 406 829 37 833 977 238 763 364 921 298 550 548 663 514 962 46 333 613 363 737 935 951 542 330 866 31 793 703 676 532 712 382 860 950 496 223 222 772 121 30 786 987 991 184 319 955 898 832 43 134 584 161 1000 967 305 702 642
0 3
1 2
1 3
2 4
2 5
2 6
3 6
4 7
4 8
4 9
5 7
5 9
6 7
6 8
7 10
8 10
8 11
9 10
9 12
10 13
10 14
11 14
12 14
13 15
14 15
15 16
16 17
16 18
16 19
17 20
17 21
18 20
18 21
19 20
19 21
20 22
21 22
22 24
23 26
23 27
24 26
24 27
25 26
25 27
26 28
26 29
27 29
28 30
28 31
28 32
29 30
29 32
30 33
30 34
30 35
31 33
31 35
32 33
32 34
32 35
33 36
34 36
35 36
36 37
36 38
36 39
37 40
38 40
39 40
40 42
41 44
41 45
41 46
42 44
42 45
42 46
43 44
43 46
44 47
44 48
45 47
45 48
46 47
47 49
47 50
48 49
49 51
51 52
52 55
53 55
55 56
55 57
56 59
56 60
57 60
58 59
59 61
60 61

51 80
0 259 926 109 822 25 981 529 110 982 233 310 590 180 89 963 559 88 294 78 893 368 562 61 788 7 610 513 724 346 768 334 272 876 508 648 856 36 189 620 770 779 800 858 958 762 769 397 407 846 290
0 3
0 4
1 3
1 4
2 5
2 6
3 5
3 6
4 5
5 7
6 7
7 8
7 9
8 11
8 12
8 13
9 12
9 13
10 12
10 13
11 14
11 15
12 14
13 14
13 15
14 16
14 17
14 18
15 16
15 17
15 18
16 19
16 20
16 21
17 19
18 19
18 20
18 21
19 22
19 23
19 24
20 22
20 23
20 24
21 22
21 23
21 24
22 25
23 25
25 26
25 27
26 28
26 29
27 30
28 31
30 31
31 32
31 33
31 34
32 35
33 35
34 35
35 36
35 37
36 38
37 38
37 39
38 40
38 41
38 42
39 40
39 42
41 43
42 43
43 44
44 45
45 47
46 47
47 48
48 50

53 75
0 876 605 705 160 108 281 338 701 940 457 699 698 498 696 753 713 564 224 183 915 400 675 868 870 852 476 269 129 10 603 356 967 307 516 426 939 853 478 878 662 176 576 159 223 680 871 786 255 53 6 79 920
0 2
0 3
0 4
1 2
1 3
1 4
2 5
2 6
3 5
3 6
4 5
4 6
5 8
6 7
6 8
7 9
8 9
9 10
10 11
10 12
11 13
13 14
13 16
14 17
15 17
16 17
17 18
18 21
18 22
19 21
19 22
20 22
21 23
21 24
23 25
23 26
23 27
24 26
24 27
25 28
26 28
28 29
29 31
29 32
30 32
31 33
31 34
32 33
32 34
33 35
33 37
34 36
35 38
35 40
36 38
36 39
36 40
37 38
37 39
37 40
38 41
39 41
40 41
41 42
42 43
42 44
42 45
43 46
44 46
45 46
47 48
47 49
48 50
49 50
50 51

58 94
0 928 421 974 482 733 978 444 114 619 160 846 81 819 758 748 679 811 207 477 291 611 79 721 579 272 620 313 807 543 332 799 470 753 124 303 837 102 747 950 720 906 147 152 724 257 900 755 67 458 583 709 662 430 999 933 401 663
0 3
0 4
0 5
1 3
1 4
1 5
2 3
2 4
2 5
3 6
4 6
6 8
6 9
7 11
8 10
8 11
9 10
9 11
10 12
11 12
11 13
12 14
13 14
14 15
14 16
15 17
15 18
16 18
17 19
17 20
18 19
18 20
19 21
19 22
19 23
20 22
20 23
21 24
23 24
23 25
24 26
25 26
26 27
26 28
27 29
28 29
29 30
30 31
31 32
31 33
32 34
32 35
32 36
33 34
33 35
33 36
34 37
34 38
35 37
35 38
36 37
36 38
37 39
38 40
39 43
40 42
40 43
41 42
41 43
42 44
42 45
43 44
43 45
44 46
44 47
45 46
45 47
46 49
47 48
47 49
48 50
49 50
50 51
50 52
50 53
51 54
51 55
52 54
52 55
53 54
53 55
54 56
54 57
55 56

59 93
0 896 449 479 25 390 152 725 98 634 398 933 538 807 227 711 490 985 886 333 352 35 237 466 996 315 738 419 147 967 861 964 862 661 794 238 50 298 962 500 931 712 432 820 518 10 530 359 994 768 44 698 154 280 163 149 947 901 920
0 2
0 3
1 2
1 3
2 5
4 5
5 6
6 8
6 9
7 8
7 9
8 10
8 11
8 12
9 11
9 12
10 13
10 14
11 13
12 13
12 14
13 15
14 15
15 16
16 19
16 20
16 21
17 19
17 20
17 21
18 19
18 20
19 22
20 22
21 22
22 23
22 24
23 25
23 27
24 25
24 26
24 27
26 29
27 29
28 32
29 31
29 32
30 31
32 33
33 34
34 35
34 36
34 37
35 38
35 39
36 38
36 39
37 39
38 40
38 41
38 42
39 40
39 41
39 42
41 43
42 43
43 44
43 45
43 46
44 47
44 48
45 47
45 48
46 47
46 48
47 50
48 49
48 50
49 51
49 52
50 51
50 53
51 55
52 54
52 55
53 54
53 55
54 56
54 57
54 58
55 56
55 57
55 58

43 61
0 461 325 455 483 292 135 214 27 905 992 432 657 814 382 434 192 183 628 70 281 592 115 23 825 273 799 12 533 417 385 802 229 709 608 712 1 743 925 647 268 810 655
0 1
0 2
1 3
1 4
2 4
4 6
5 7
6 7
6 8
6 9
7 10
7 11
8 11
9 10
10 12
10 13
10 14
11 12
11 14
12 15
12 16
13 15
13 16
14 17
15 18
17 18
18 19
19 20
19 21
20 24
22 25
23 25
24 25
25 27
25 28
26 29
26 30
26 31
27 29
27 30
27 31
28 30
28 31
29 33
29 34
30 32
30 33
31 32
31 33
31 34
32 35
33 35
33 36
34 35
36 37
37 38
38 39
38 40
39 41
40 41
41 42

48 68
0 888 381 719 271 126 883 193 789 639 677 835 418 554 87 786 197 458 230 409 925 985 648 832 95 749 298 93 135 348 123 767 236 503 837 858 980 402 768 709 79 954 479 632 41 264 180 850
0 3
1 3
2 3
3 4
4 5
5 6
6 7
6 8
6 9
7 10
8 10
9 10
10 11
11 13
12 13
13 14
14 15
15 16
15 17
15 18
16 20
17 19
17 20
17 21
18 20
18 21
19 22
20 22
20 23
21 22
22 25
23 25
24 26
27 28
27 29
27 30
28 31
28 33
29 31
29 32
29 33
30 31
30 32
30 33
32 34
33 34
34 35
35 37
35 38
35 39
36 37
36 38
36 39
37 40
37 41
38 40
38 41
39 40
39 41
40 42
41 42
42 44
43 45
43 46
44 45
44 46
45 47
46 47

58 96
0 417 452 292 181 777 862 250 830 660 306 109 333 120 471 961 267 547 863 279 183 84 759 263 117 970 676 719 607 234 470 345 650 273 989 182 49 850 432 230 861 89 339 193 208 161 505 826 708 720 104 242 803 504 919 832 531 638
0 2
2 3
3 4
3 5
3 6
5 8
6 7
6 8
7 10
7 11
8 9
8 10
9 12
10 12
11 12
13 15
13 16
13 17
14 15
15 18
16 18
17 18
18 19
18 20
19 21
19 22
19 23
20 21
20 22
20 23
21 24
21 25
22 24
23 24
23 25
24 26
25 26
26 27
26 28
27 29
28 29
29 30
30 31
33 35
34 36
34 37
35 36
35 37
36 38
36 39
37 38
37 39
38 40
38 41
39 40
39 41
40 42
40 43
41 42
41 43
42 44
42 45
42 46
43 44
43 45
43 46
44 47
44 48
45 47
45 48
45 49
46 47
46 48
46 49
47 50
47 51
47 52
48 50
48 51
48 52
49 50
49 51
49 52
50 54
50 55
51 53
51 54
51 55
52 53
52 54
52 55
53 56
53 57
54 56
54 57
55 56

40 69
0 231 513 642 780 582 682 345 977 167 356 76 956 47 786 669 71 413 818 591 831 768 629 742 119 254 289 531 936 451 779 581 34 292 222 813 225 256 509 201
0 4
0 5
1 3
1 4
1 5
2 3
2 4
2 5
3 6
3 8
4 6
4 7
5 6
5 7
5 8
6 9
6 10
7 9
7 10
8 9
8 10
9 11
10 11
11 12
12 13
12 14
12 15
13 17
13 18
14 16
14 17
14 18
15 18
16 19
17 19
18 19
19 20
19 21
20 22
21 22
22 23
22 24
23 25
23 26
23 27
24 25
24 26
24 27
25 28
25 29
26 28
26 29
27 28
27 29
28 30
28 31
30 32
30 33
30 34
31 32
31 33
31 34
32 35
33 35
34 35
35 36
36 37
37 38
38 39

65 99
0 46 988 202 162 834 530 981 227 765 887 730 210 178 325 941 127 97 838 777 66 25 319 343 119 165 458 317 417 717 808 814 56 361 976 242 308 468 6 195 549 216 724 225 156 850 322 345 329 450 410 353 768 104 471 284 913 139 700 982 299 866 389 659 841
0 1
1 2
1 4
2 5
3 5
4 5
5 6
5 7
5 8
6 10
7 9
8 9
8 10
9 11
10 11
10 12
10 13
11 14
12 14
13 14
14 15
14 16
14 17
15 18
15 19
16 19
17 18
17 19
18 20
18 21
19 20
19 22
20 23
21 23
22 23
23 24
24 25
24 26
25 28
27 28
28 29
28 30
28 31
29 32
29 34
31 33
31 34
32 35
32 36
32 37
33 35
33 36
33 37
34 35
34 36
34 37
36 38
38 39
39 42
39 43
39 44
41 42
41 43
41 44
42 45
43 45
44 45
44 46
45 47
46 47
46 48
47 49
47 50
47 51
48 49
48 50
49 52
50 52
50 53
51 52
51 53
52 54
52 55
52 56
53 55
53 56
54 58
55 57
57 60
57 61
58 59
58 60
58 61
59 63
60 62
60 63
61 62
61 63
61 64

43 63
0 598 909 593 145 762 500 511 200 383 509 413 660 533 908 942 732 63 787 120 404 709 199 86 879 970 362 319 481 536 581 844 134 841 436 630 602 288 140 802 22 1000 566
0 2
0 3
1 2
1 3
2 4
2 5
3 4
3 5
4 6
6 8
7 8
7 9
8 10
10 11
10 12
10 13
11 14
11 15
12 14
12 15
13 14
13 15
14 16
14 17
15 16
15 17
16 18
16 19
16 20
17 18
17 19
19 21
21 22
22 23
22 24
22 25
23 26
24 26
27 29
27 31
28 29
28 31
29 32
29 33
30 32
30 33
31 32
32 34
32 35
33 34
33 35
34 36
35 36
36 38
36 39
36 40
37 38
37 39
37 40
38 41
39 41
40 41
41 42

44 78
0 765 678 790 217 364 3 168 267 675 378 320 245 222 396 207 457 900 877 474 18 322 566 375 923 409 869 715 660 802 167 992 918 196 133 134 560 135 654 826 161 383 497 757
0 1
0 2
0 3
1 6
2 4
2 5
3 4
3 6
4 7
5 7
6 7
7 9
8 11
8 12
8 13
9 11
9 12
9 13
10 11
10 12
10 13
11 14
11 15
12 14
12 15
12 16
13 15
13 16
14 17
14 18
15 17
15 18
16 18
17 19
17 20
18 19
18 20
19 21
19 22
19 23
20 21
20 22
20 23
21 24
21 25
22 24
22 25
23 24
23 25
23 26
24 27
24 28
25 28
26 27
27 29
28 29
30 31
31 32
31 33
31 34
32 35
32 36
32 37
33 35
33 36
34 35
34 36
34 37
35 38
36 38
37 38
38 39
38 40
39 41
39 42
40 41
41 43
42 43

61 95
0 596 563 873 777 262 803 487 805 285 950 48 772 398 191 130 817 781 486 915 2 961 346 44 104 811 578 453 273 359 900 978 954 814 851 83 75 653 921 880 290 222 927 61 619 469 542 788 601 27 54 603 988 400 998 443 562 575 895 834 934
0 1
1 4
1 5
2 4
3 4
3 5
4 6
5 6
6 7
6 8
6 9
7 11
8 10
8 11
9 10
9 11
11 12
12 13
12 15
13 16
13 17
14 16
15 16
15 17
16 18
17 18
18 19
18 20
18 21
19 22
19 23
20 22
20 23
20 24
21 22
21 23
21 24
22 25
22 26
22 27
23 25
23 26
24 25
24 26
24 27
25 28
26 28
27 28
28 29
28 30
29 33
30 32
30 33
31 32
31 33
32 34
33 35
34 36
34 37
35 37
36 38
37 38
38 39
38 40
38 41
39 42
39 43
39 44
40 43
40 44
41 42
41 43
41 44
43 45
44 45
45 46
45 47
45 48
46 49
47 49
49 50
49 51
50 53
51 54
52 55
52 56
52 57
53 56
53 57
54 55
54 56
54 57
57 58
58 59
58 60

47 66
0 650 64 373 585 923 989 166 77 983 20 957 918 919 501 988 880 885 966 365 748 202 90 543 252 284 512 346 8 683 859 9 98 232 593 372 572 759 800 555 130 756 824 48 256 811 280
0 2
1 2
2 4
3 5
3 6
4 5
5 8
5 9
6 7
6 8
7 10
7 11
8 10
8 11
9 10
9 11
10 12
10 13
10 14
11 12
11 13
11 14
12 15
13 15
14 15
15 16
15 17
16 18
17 18
18 19
18 21
19 22
22 23
22 24
23 26
24 25
24 27
25 28
26 28
28 29
28 30
29 31
29 33
30 31
30 32
30 33
31 34
32 34
33 34
34 35
34 36
35 37
36 37
38 39
38 40
38 41
39 43
40 42
40 43
41 42
41 43
42 45
42 46
43 44
43 45
43 46

54 86
0 559 55 820 624 92 473 88 731 45 604 247 714 131 432 168 979 696 626 804 938 619 496 952 586 173 325 498 533 183 580 901 741 986 721 365 77 545 159 942 407 405 655 889 189 822 867 884 447 670 821 417 165 124
0 3
0 4
1 3
2 4
3 5
5 6
5 7
6 9
7 8
7 9
9 10
10 11
11 12
11 13
12 14
12 16
13 14
13 16
15 17
16 17
17 18
17 19
18 20
18 21
19 20
19 21
20 22
20 23
20 24
21 22
21 23
21 24
22 26
23 25
23 26
24 25
24 26
25 28
26 27
26 28
27 31
27 32
28 30
28 31
28 32
29 31
29 32
30 33
30 34
30 35
31 33
31 34
31 35
32 33
32 34
33 36
33 37
34 36
34 37
35 36
35 37
36 38
38 39
38 40
39 41
39 42
40 41
40 42
41 43
41 45
42 43
42 45
43 46
43 47
43 48
44 47
45 46
45 47
45 48
47 49
48 49
49 50
49 51
49 52
50 53
52 53

56 96
0 458 665 806 304 564 113 205 29 958 95 243 706 166 237 431 631 727 737 271 145 15 172 381 457 446 498 917 801 274 610 939 432 914 854 544 470 235 477 911 730 65 341 360 143 430 287 444 802 176 258 256 25 526 408 299
0 1
0 2
0 3
1 4
1 5
1 6
3 4
3 6
4 7
5 7
7 9
8 11
9 10
9 11
10 12
11 12
12 13
13 14
13 15
14 16
15 16
16 17
16 18
16 19
17 20
18 20
19 20
20 21
20 22
21 23
21 24
22 23
23 25
23 26
23 27
24 25
24 26
24 27
25 29
25 30
26 28
26 29
26 30
27 28
27 29
27 30
28 31
29 31
29 32
29 33
30 31
30 32
30 33
31 34
31 35
32 34
33 34
34 36
34 37
34 38
35 36
36 40
36 41
37 40
38 39
38 40
38 41
39 42
39 43
39 44
40 42
40 43
40 44
41 42
41 43
41 44
42 46
42 47
43 46
43 47
44 45
44 46
44 47
45 49
46 49
47 48
49 50
50 51
50 52
50 53
51 54
51 55
52 54
52 55
53 54
53 55

61 96
0 492 632 333 494 611 630 898 106 546 351 49 590 180 529 260 607 664 390 571 914 885 21 993 966 536 794 203 389 452 243 477 295 875 161 789 837 791 38 294 336 342 278 920 222 537 527 238 449 151 514 821 143 831 708 288 33 448 92 628 925
1 3
2 4
3 4
4 5
4 6
4 7
5 9
5 10
6 8
6 9
6 10
7 8
7 10
8 11
8 12
9 11
9 12
10 11
10 12
11 13
13 14
13 16
14 17
14 18
15 17
15 18
17 21
18 19
18 20
18 21
19 22
19 23
19 24
20 22
20 23
20 24
21 22
21 23
21 24
22 25
22 26
24 25
24 26
27 28
27 29
28 31
28 32
29 31
29 32
30 31
30 32
31 33
31 34
32 34
35 36
35 37
35 38
37 39
38 39
39 40
39 41
40 42
40 43
41 42
41 44
42 46
42 47
43 46
43 47
44 45
44 46
44 47
45 48
46 48
48 50
48 51
49 52
49 53
49 54
50 52
50 53
50 54
51 52
51 53
51 54
52 55
52 57
53 55
53 56
54 55
54 56
54 57
55 58
56 58
57 58
58 60

62 103
0 941 389 221 236 473 146 125 447 978 84 927 222 608 937 387 758 783 507 235 946 599 217 148 287 67 622 976 712 597 716 411 537 105 631 929 128 601 375 36 653 678 643 590 417 400 724 923 986 670 522 202 169 160 268 790 135 331 738 93 627 658
0 2
0 4
1 2
1 4
2 5
2 6
3 5
3 6
4 5
4 6
5 7
5 8
5 9
6 7
6 8
6 9
7 10
7 11
8 10
8 11
8 12
9 10
9 11
9 12
10 13
10 14
10 15
11 15
12 13
12 14
12 15
13 16
13 17
13 18
14 16
14 17
14 18
15 17
15 18
16 19
17 19
18 19
19 21
19 22
20 23
22 23
23 25
23 26
25 27
26 27
27 28
28 29
29 31
29 32
30 31
31 33
32 33
33 34
34 35
35 36
35 37
36 39
36 40
37 39
37 40
38 41
38 42
38 43
39 41
39 42
39 43
40 41
40 42
40 43
41 44
41 45
42 44
42 45
43 44
43 45
44 46
44 48
45 46
45 47
45 48
46 50
47 49
47 50
48 49
49 51
51 52
53 54
53 55
54 58
55 56
55 57
55 58
56 59
56 61
57 59
57 61
58 59
58 61

48 66
0 232 853 161 863 392 45 83 702 230 1 922 845 14 96 18 775 574 965 957 748 928 434 818 984 413 659 270 693 750 646 948 333 850 109 547 241 153 629 295 734 982 216 930 347 311 300 122
0 1
1 2
2 3
2 4
3 5
4 5
5 6
6 7
6 8
7 10
7 11
8 10
8 11
9 10
11 12
12 13
13 14
15 17
15 18
16 17
16 18
17 20
18 19
18 20
18 21
19 22
19 23
20 22
20 23
22 24
23 24
25 26
25 28
26 29
26 30
26 31
27 29
27 30
27 31
28 29
28 31
29 32
30 32
31 32
32 34
33 36
34 35
34 36
35 37
36 37
37 38
38 40
38 41
39 42
39 43
39 44
40 42
40 43
41 42
41 43
41 44
42 45
42 46
42 47
44 46
44 47

52 87
0 400 600 924 388 682 373 117 939 159 70 519 850 752 299 951 898 983 494 912 24 664 738 677 51 215 413 888 694 111 439 580 862 38 503 249 719 227 717 10 386 138 528 235 889 826 185 139 160 30 50 535
0 4
1 3
1 4
2 3
2 4
3 5
3 6
4 5
4 6
5 7
8 10
9 10
9 11
10 13
11 12
11 13
12 15
13 14
13 15
14 16
14 17
14 18
15 16
15 17
15 18
16 19
16 20
17 19
17 20
18 19
18 20
19 21
19 22
20 21
20 22
20 23
21 24
21 25
21 26
22 24
22 25
23 25
23 26
24 27
24 28
26 27
26 28
27 29
28 29
28 30
29 31
29 32
30 31
30 32
31 33
31 34
32 33
32 34
33 35
33 36
33 37
34 35
34 36
34 37
35 38
35 39
35 40
36 38
36 39
36 40
37 38
37 39
37 40
38 41
39 41
40 41
41 42
41 44
43 45
44 45
45 46
46 47
46 48
46 49
47 50
48 50
50 51

57 84
0 369 251 921 676 388 487 240 577 125 3 904 73 324 781 972 156 595 596 963 623 899 145 194 212 657 945 982 393 172 923 113 422 843 788 162 682 380 90 806 382 994 230 706 126 553 213 720 149 175 695 47 671 610 328 608 554
0 2
1 2
2 3
3 4
3 5
4 7
6 8
7 8
8 9
8 10
9 11
9 12
10 11
10 12
11 13
12 13
13 16
14 17
14 18
15 17
15 18
16 17
16 18
17 19
17 20
17 21
18 19
18 20
20 22
21 22
22 23
22 24
23 25
25 26
26 27
27 28
28 29
28 30
28 31
29 33
31 32
31 33
32 34
32 35
32 36
33 34
33 35
33 36
34 37
35 37
36 37
37 38
37 40
38 41
38 42
38 43
39 42
39 43
40 41
40 42
40 43
41 45
42 44
42 45
43 45
44 46
44 47
44 48
45 47
45 48
46 49
46 50
47 49
47 50
48 49
48 50
49 51
50 51
51 52
51 53
52 54
52 56
53 54
53 55

50 70
0 864 236 460 935 756 245 247 787 985 197 668 315 689 350 940 15 38 687 393 629 16 34 972 895 132 917 828 164 863 823 786 79 58 13 165 842 259 951 826 808 970 140 496 319 432 862 356 470 607
0 2
1 4
1 5
1 6
2 5
2 6
3 4
4 7
5 7
7 8
8 9
9 11
9 12
10 13
11 13
12 13
14 15
14 16
15 17
16 17
17 19
17 20
18 21
18 22
18 23
19 21
19 22
19 23
20 21
20 23
21 24
21 25
22 24
22 25
23 24
23 25
24 26
24 28
25 27
26 29
28 30
29 31
30 31
31 32
31 33
32 34
33 34
34 35
34 36
36 37
38 39
38 40
38 41
39 43
39 44
40 43
40 44
41 42
41 43
42 45
42 46
42 47
43 45
43 47
44 46
44 47
46 48
46 49
47 48
47 49

41 59
0 542 651 84 792 878 394 737 242 590 518 114 198 87 706 766 404 703 237 398 985 813 964 865 498 410 770 608 378 671 801 466 212 803 901 356 680 647 444 273 236
0 2
0 3
0 4
1 2
1 3
2 5
2 6
3 5
3 6
4 5
4 6
5 7
5 9
6 7
6 8
6 9
7 11
7 12
8 10
8 11
8 12
9 10
9 12
10 13
11 13
12 13
13 14
14 15
14 16
14 17
16 18
17 18
18 19
20 21
21 23
22 24
23 24
24 25
25 26
26 28
27 28
28 30
28 31
29 30
29 31
30 32
30 33
31 32
31 33
32 34
32 35
33 35
34 37
34 38
35 36
35 38
36 39
37 39
38 39

49 83
0 648 560 349 734 589 29 555 482 188 531 931 308 928 167 768 934 469 448 660 288 635 632 563 821 139 692 564 602 76 112 460 75 23 160 963 189 66 444 728 596 374 35 523 892 155 456 713 468
0 4
0 5
1 3
1 5
2 3
2 4
2 5
3 6
3 7
3 8
4 6
4 7
4 8
5 6
5 7
5 8
6 9
7 9
8 9
9 10
9 11
10 12
10 13
11 12
11 13
12 15
12 16
13 15
13 16
14 17
15 17
15 18
16 17
17 19
19 20
19 21
20 22
21 22
22 24
22 25
23 26
23 27
24 26
24 27
25 26
25 27
26 28
26 29
26 30
27 29
27 30
28 31
28 32
28 33
29 31
29 32
29 33
30 32
30 33
31 34
32 34
33 34
34 35
34 36
35 38
35 39
36 38
36 39
37 38
37 39
38 40
40 41
40 42
40 43
41 44
41 45
42 44
42 45
43 44
44 46
44 47
44 48
45 48

57 86
0 916 917 379 297 57 807 100 111 415 972 210 847 781 640 339 364 999 559 774 611 476 331 675 812 514 914 756 95 650 593 816 565 510 546 861 566 705 960 676 119 283 885 317 876 655 779 875 214 552 485 689 234 511 852 748 776
0 3
0 4
1 3
1 4
2 3
2 5
3 6
3 7
3 8
4 6
4 7
4 8
5 6
5 7
5 8
6 9
6 10
6 11
7 9
7 10
7 11
8 9
8 10
8 11
9 12
10 12
11 12
12 13
12 15
13 16
14 16
15 16
16 17
16 18
16 19
17 20
18 20
20 22
21 23
23 24
24 25
24 26
24 27
25 28
27 28
28 29
28 30
29 31
30 31
30 32
30 33
31 34
31 35
31 36
32 34
32 35
32 36
33 35
33 36
34 37
34 38
35 37
35 38
36 37
36 38
37 39
37 40
38 39
38 40
39 42
40 41
40 42
40 43
42 44
43 44
44 45
44 46
45 48
46 48
47 48
48 49
49 50
49 51
50 52
51 52
54 56

45 69
0 736 589 414 337 136 353 418 644 637 317 917 133 146 124 313 147 581 656 547 365 546 775 829 90 770 683 716 618 471 7 609 558 595 22 894 83 727 663 726 363 979 642 847 477
0 3
1 2
1 3
1 4
2 5
2 6
2 7
3 7
4 6
4 7
5 9
6 8
7 8
7 9
8 10
8 11
9 10
9 11
10 12
11 12
11 13
12 14
12 15
13 14
13 15
14 16
15 16
16 17
16 19
17 20
17 21
17 22
18 20
18 21
18 22
19 20
19 21
20 23
20 24
21 23
22 23
22 24
23 25
23 26
24 25
26 27
27 28
27 29
28 30
28 31
29 30
29 31
29 32
30 33
31 33
32 33
33 34
34 35
34 37
35 38
36 38
37 38
38 39
38 40
39 42
40 43
41 42
41 43
43 44

56 86
0 365 240 574 202 446 1000 820 803 629 287 185 38 1 31 995 982 82 692 989 297 962 271 376 554 223 762 432 89 204 836 421 569 75 994 122 520 941 674 974 228 859 11 241 357 210 322 400 550 971 713 172 698 618 746 460
0 4
1 3
1 4
2 3
2 4
3 5
3 6
4 5
4 6
5 7
6 7
7 8
7 9
8 10
9 10
10 11
11 12
11 13
11 14
12 15
13 15
14 15
15 17
16 18
16 20
17 18
17 19
17 20
18 21
18 22
19 21
20 21
20 22
21 23
22 23
23 24
24 25
25 27
26 28
27 30
28 29
29 31
29 32
29 33
30 33
31 34
32 34
33 34
36 37
36 38
37 39
37 40
37 41
38 39
38 40
39 42
39 43
39 44
40 42
40 43
40 44
41 42
41 43
41 44
42 45
42 46
42 47
43 45
43 47
44 45
44 46
44 47
45 48
45 49
46 49
47 48
48 52
49 50
49 51
49 52
50 53
50 55
51 54
51 55
52 54
52 55

64 113
0 519 755 334 674 649 805 446 600 541 853 155 749 816 665 835 533 527 90 565 349 871 14 947 312 243 627 845 495 593 97 461 112 204 146 137 852 302 582 451 842 786 957 591 602 974 777 486 500 866 50 200 88 63 499 752 658 125 596 152 718 44 612 181
0 3
0 4
1 2
1 4
2 5
2 7
3 5
3 6
3 7
4 5
4 6
4 7
5 8
6 8
8 9
9 10
9 12
10 13
10 14
11 13
11 14
12 13
12 14
13 15
13 16
13 17
14 15
14 16
14 17
15 20
16 18
16 19
16 20
17 18
17 19
17 20
18 21
18 22
19 21
19 22
19 23
20 21
20 22
20 23
22 24
23 24
23 25
24 26
24 27
25 26
25 27
26 28
26 29
26 30
27 28
27 29
27 30
28 31
28 32
29 31
29 32
30 31
30 32
31 33
31 34
31 35
32 34
32 35
33 36
33 37
35 36
37 38
37 39
38 40
38 41
39 40
39 41
40 42
41 42
42 43
42 44
42 45
43 46
43 47
44 46
44 47
45 46
45 47
46 48
46 49
46 50
47 48
47 49
47 50
48 51
49 51
50 51
51 52
52 53
52 54
53 55
53 56
54 55
54 56
55 57
55 58
55 59
56 57
57 60
58 60
60 61
60 62
60 63

35 41
0 43 923 6 833 29 897 218 45 113 700 336 345 595 138 193 659 767 105 655 120 333 482 288 733 38 257 542 292 502 792 784 544 714 789
1 2
2 4
2 5
6 7
7 9
8 11
8 13
9 11
9 12
9 13
10 12
10 13
11 14
12 14
13 14
14 15
15 16
16 17
17 18
18 19
18 20
21 22
22 23
23 24
24 27
25 28
26 27
26 28
27 29
27 30
27 31
28 29
28 30
28 31
29 32
29 33
30 32
30 33
31 32
31 33
33 34

49 69
0 849 139 537 512 557 675 310 983 973 606 757 355 448 14 339 485 980 789 83 79 159 682 475 503 99 120 186 58 848 955 123 696 93 11 559 1 685 221 984 9 826 92 363 625 105 702 110 84
0 2
0 3
0 4
1 2
1 3
1 4
2 5
3 5
4 5
5 7
6 8
7 8
7 9
8 10
8 11
8 12
9 10
9 12
10 13
11 13
12 13
13 14
13 15
14 16
14 17
15 16
15 17
16 18
16 19
16 20
17 18
17 19
17 20
18 21
19 21
20 21
21 22
22 24
23 25
24 25
26 27
26 29
27 31
28 30
28 31
29 30
29 31
30 32
31 32
32 33
35 36
35 37
36 38
37 38
39 41
39 42
40 43
40 44
41 44
42 45
43 46
43 47
43 48
44 46
44 47
44 48
45 46
45 47
45 48

51 79
0 670 269 226 169 786 809 430 630 392 673 709 345 679 796 135 74 915 518 633 204 42 698 10 45 216 515 286 96 212 391 870 882 659 447 50 608 832 426 351 504 486 47 534 282 181 959 548 591 104 92
0 3
0 4
1 4
2 3
2 4
3 5
3 6
4 5
4 6
4 7
5 8
6 8
7 8
8 9
8 10
9 11
10 11
11 12
12 14
12 15
13 16
14 16
15 16
16 17
17 18
17 19
18 20
18 21
19 20
20 22
20 23
21 23
22 24
22 25
23 25
24 26
25 26
26 27
26 28
26 29
27 30
27 31
27 32
28 30
28 31
28 32
29 30
29 32
31 33
32 33
33 34
33 35
33 36
34 37
35 37
36 37
37 38
38 40
38 41
38 42
39 40
39 41
39 42
40 43
41 43
41 44
42 43
42 44
43 45
43 46
43 47
44 45
44 47
45 48
45 49
46 48
46 49
48 50
49 50

52 71
0 455 138 890 810 154 540 399 345 146 924 351 796 516 609 504 841 563 878 317 477 950 295 287 929 742 157 734 778 584 441 106 39 930 347 848 83 886 599 780 383 522 482 531 389 443 34 230 357 263 546 833
0 2
0 3
1 2
1 3
2 4
3 4
4 5
5 6
5 7
6 8
7 8
7 9
8 10
9 10
10 11
10 12
10 13
12 14
14 15
15 18
16 18
16 19
17 18
17 19
18 21
18 22
19 20
19 21
19 22
20 23
20 24
21 23
21 24
22 23
22 24
24 25
25 26
26 27
27 28
27 29
28 30
29 30
30 31
30 32
30 33
31 34
32 34
33 34
34 35
35 36
35 37
36 39
37 39
38 39
40 42
40 43
42 44
42 45
43 44
43 45
44 46
44 47
44 48
45 46
45 47
45 48
46 49
47 49
48 49
49 50
49 51

46 67
0 200 115 357 668 669 430 319 593 452 873 26 752 260 946 832 903 322 473 504 481 367 433 621 163 511 659 379 25 53 411 576 168 768 595 188 549 265 780 1 138 805 104 749 102 287
0 3
0 4
1 2
1 3
1 4
2 5
2 6
3 6
4 5
4 6
6 7
7 8
7 9
7 10
8 12
9 12
10 12
10 13
11 14
11 15
12 14
13 14
13 15
16 17
17 18
17 19
18 21
18 22
19 21
19 22
20 22
21 23
22 23
22 24
25 26
25 27
25 28
26 29
27 29
28 29
29 30
30 31
30 32
31 33
31 35
32 34
32 35
33 36
33 37
33 38
34 36
34 37
34 38
35 36
35 38
36 39
36 40
36 41
37 40
37 41
38 39
38 40
38 41
39 42
41 42
42 43
42 45

58 88
0 272 96 788 87 68 978 30 437 406 207 133 62 509 882 132 20 573 813 768 273 492 179 694 628 260 987 159 90 501 444 253 773 891 392 859 959 370 241 395 127 799 880 189 659 113 320 679 38 484 798 310 327 976 356 306 587 342
0 3
1 3
2 3
3 4
3 5
5 7
6 7
8 10
9 10
9 11
10 12
10 13
11 12
12 14
12 16
13 14
13 15
13 16
14 17
14 18
15 17
15 18
16 17
16 18
17 19
18 19
19 20
20 21
20 22
21 23
21 24
22 23
22 24
23 25
24 25
25 26
25 28
26 30
27 29
27 30
28 29
28 30
28 31
29 33
30 32
31 32
31 33
32 34
33 34
34 35
34 36
36 37
37 38
37 39
37 40
38 41
38 42
39 41
39 42
40 42
41 43
42 43
43 44
43 45
43 46
44 47
44 48
45 47
45 48
45 49
46 47
46 48
46 49
47 50
47 51
47 52
48 51
48 52
49 51
49 52
50 54
51 53
51 54
52 53
52 54
54 55
54 56
56 57

45 65
0 793 990 292 821 308 621 115 124 557 565 818 352 18 707 653 135 787 245 538 330 935 1 985 1000 699 88 784 125 903 252 449 695 593 740 868 900 712 334 24 898 193 972 268 251
0 3
0 4
0 5
1 3
1 4
1 5
2 3
2 5
3 6
4 6
6 7
6 8
7 9
7 11
8 9
8 10
8 11
9 12
9 13
10 12
10 13
11 12
12 14
12 15
12 16
13 14
13 16
17 18
18 19
18 20
20 21
20 22
21 23
21 24
22 23
22 24
23 25
23 26
23 27
24 25
24 27
25 28
26 28
27 28
28 30
29 31
29 32
29 33
30 32
30 33
31 34
31 35
32 34
33 34
35 36
36 38
36 39
37 39
38 40
38 41
39 40
39 41
40 42
42 43
43 44

52 80
0 806 909 96 66 12 212 268 473 73 625 1000 335 302 864 690 243 396 898 183 645 11 969 702 456 317 226 755 877 850 568 682 110 663 748 367 298 343 297 984 160 673 887 907 923 69 904 933 37 605 901 845
0 1
1 3
1 5
2 3
2 4
2 5
3 6
4 6
4 8
5 6
5 7
5 8
6 9
7 9
9 10
10 11
10 12
10 13
12 14
13 14
14 15
15 16
15 17
16 18
17 18
18 19
18 20
20 21
20 23
21 24
21 25
21 26
22 24
22 25
22 26
23 24
23 26
24 27
24 28
25 27
25 28
26 27
26 28
27 29
27 30
27 31
28 29
28 31
29 32
30 32
31 32
33 34
34 35
35 36
35 37
36 38
36 39
37 38
37 39
38 42
39 40
39 41
39 42
40 43
40 44
41 43
41 44
42 43
42 44
43 46
44 45
45 47
46 47
46 48
47 49
47 50
47 51
48 49
48 50
48 51

44 65
0 499 32 140 131 916 893 420 994 725 1 984 993 394 157 386 541 392 172 769 822 577 901 554 952 411 494 622 940 28 109 310 879 141 449 361 408 693 780 402 417 132 385 409
0 2
0 3
1 2
1 3
2 4
2 5
3 4
3 5
4 6
5 6
6 7
6 8
6 9
7 10
7 11
7 12
8 10
8 12
9 10
9 11
9 12
10 13
10 14
11 14
12 13
12 14
13 15
14 15
15 16
15 17
16 18
17 18
17 19
17 20
18 21
18 22
18 23
19 22
19 23
20 21
20 23
21 24
21 25
22 24
22 25
23 24
23 25
24 26
25 26
25 27
26 28
27 28
28 29
30 31
31 32
33 35
35 36
36 37
36 38
36 39
37 40
39 40
40 41
40 42
40 43

64 111
0 514 760 843 704 260 8 512 584 559 261 921 538 155 306 220 23 201 18 287 554 979 513 936 574 669 713 20 768 794 580 237 308 692 80 11 951 87 523 887 997 135 807 534 289 465 105 664 665 123 302 570 453 814 505 26 834 217 45 601 363 977 190 670
0 1
1 3
1 4
2 3
3 6
3 7
4 5
5 8
5 9
5 10
6 8
6 9
6 10
7 9
8 11
8 12
8 13
9 11
9 12
9 13
10 11
11 14
12 14
12 15
13 14
13 15
14 16
14 17
15 16
16 18
16 19
17 18
17 19
18 20
18 21
18 22
19 20
19 21
20 23
20 24
21 23
21 24
22 23
22 24
23 27
24 25
24 26
24 27
25 28
25 29
26 28
26 29
27 28
28 30
28 31
28 32
29 30
29 31
29 32
30 33
30 34
31 33
31 34
32 33
32 34
33 35
33 36
34 35
34 36
35 37
35 38
36 37
37 39
37 40
38 40
40 41
41 42
42 43
42 44
43 45
43 46
43 47
44 45
44 46
44 47
45 48
46 48
47 48
48 49
48 50
48 51
49 52
50 52
51 52
52 53
52 54
52 55
53 56
54 57
56 58
56 59
56 60
57 58
57 59
57 60
58 61
58 63
59 61
60 61
60 62
60 63

55 84
0 42 635 728 632 904 553 401 739 852 778 571 79 689 845 528 581 156 843 744 806 428 984 364 259 543 682 359 787 429 604 952 823 238 31 454 494 584 206 232 435 335 802 865 375 999 955 154 587 51 959 366 386 674 976
0 1
0 2
1 3
1 4
2 3
2 4
2 5
3 6
4 7
5 7
6 8
6 9
7 9
8 12
8 13
9 11
9 12
9 13
10 12
10 13
11 14
11 15
11 16
12 15
12 16
13 14
13 15
13 16
14 17
14 18
14 19
15 18
16 17
16 18
16 19
17 20
17 21
18 20
19 20
19 21
19 22
20 23
21 23
22 23
23 24
23 25
23 26
24 27
24 28
24 29
26 27
26 28
26 29
27 30
28 30
29 30
31 32
31 33
32 35
34 35
35 36
35 37
35 38
36 39
37 39
37 40
38 39
38 40
39 41
39 42
40 41
40 42
41 43
42 43
43 44
44 45
45 46
46 47
47 48
48 50
49 50
50 51
51 52
53 54

57 102
0 792 378 173 865 176 772 211 624 509 844 591 955 162 575 815 310 933 29 183 849 109 505 337 612 781 653 422 672 985 184 686 128 561 858 993 736 981 555 712 489 398 654 796 911 580 962 220 513 991 402 361 99 258 49 63 38
0 3
0 4
1 3
1 4
2 3
2 4
3 5
3 6
4 5
4 6
4 7
5 8
5 9
5 10
6 8
6 9
6 10
7 8
7 9
8 11
8 12
9 12
10 11
11 13
11 14
11 15
12 14
12 15
13 16
13 17
14 16
14 17
15 16
15 17
17 18
18 19
18 20
19 22
20 21
20 22
21 23
21 24
21 25
22 23
22 24
22 25
24 26
24 27
25 26
25 27
26 28
26 29
27 28
27 29
28 30
28 31
28 32
29 30
29 31
29 32
30 33
30 34
31 33
31 34
31 35
32 33
32 34
33 36
33 37
34 37
35 36
35 37
36 38
37 38
38 39
38 40
39 41
40 41
41 42
41 43
42 44
42 45
43 44
43 45
44 46
44 48
45 46
45 47
45 48
46 49
46 50
46 51
47 49
47 50
48 49
48 50
48 51
50 52
52 53
53 54
54 56
55 56

60 98
0 868 31 959 157 943 841 800 862 664 774 499 373 330 25 158 866 138 597 765 982 920 20 517 497 711 518 254 402 322 916 352 190 298 310 698 240 151 454 166 623 952 538 304 976 48 169 466 644 285 799 915 667 763 366 184 16 120 857 283
0 1
0 2
1 4
1 5
1 6
2 4
2 6
3 4
3 5
3 6
4 7
5 7
6 7
7 8
7 9
7 10
8 11
9 11
10 11
11 12
12 14
13 16
13 17
14 15
14 16
14 17
15 18
15 19
15 20
16 18
16 19
17 18
17 19
17 20
18 21
19 21
20 21
21 22
22 23
22 24
23 26
24 25
24 26
25 27
25 28
25 29
26 27
26 28
26 29
27 32
28 30
28 32
29 30
29 32
31 33
32 33
33 34
33 35
34 36
34 37
35 36
35 37
36 38
37 38
38 40
39 41
39 42
40 41
40 42
41 43
41 44
41 45
42 43
42 44
42 45
43 46
45 46
46 47
46 48
47 49
47 50
47 51
48 49
48 51
49 53
49 54
50 52
50 54
51 52
51 53
52 55
53 55
53 56
53 57
54 56
55 58
56 58
57 58

40 58
0 493 718 495 825 697 736 281 537 433 211 566 31 181 357 924 763 222 403 878 475 772 548 859 606 117 351 950 9 428 376 853 146 870 677 842 957 731 389 519
0 3
0 4
1 3
2 4
3 5
3 6
4 5
4 6
5 7
5 8
5 9
6 7
6 8
6 9
7 10
8 10
9 10
9 11
10 12
10 13
10 14
11 12
11 13
11 14
12 15
12 16
13 15
13 16
14 15
14 16
16 17
17 18
19 21
19 22
20 23
20 24
21 23
21 24
22 23
22 24
23 25
24 25
25 26
26 27
26 28
27 29
28 29
29 30
30 31
30 33
31 35
32 34
32 35
33 34
33 35
34 36
36 38
36 39

57 86
0 513 240 777 536 236 732 76 389 280 30 627 134 889 299 361 414 787 585 556 425 68 119 562 200 740 32 442 364 845 738 643 709 977 419 245 212 502 320 952 781 701 578 915 590 228 355 15 911 791 631 381 704 831 121 735 624
0 3
1 3
1 4
2 3
2 4
3 5
4 5
5 6
5 7
5 8
6 9
7 9
8 9
9 10
9 11
9 12
10 15
11 13
11 14
12 13
12 14
12 15
13 16
14 16
15 16
16 17
16 18
16 19
17 20
17 21
18 20
18 21
19 20
20 22
21 22
22 23
22 24
23 25
23 26
24 25
25 28
26 27
26 28
28 29
29 30
29 31
30 33
31 33
32 33
33 34
33 35
34 36
34 37
35 36
35 37
36 38
36 39
36 40
37 38
37 39
37 40
39 41
40 41
41 42
42 43
42 44
43 45
43 46
43 47
44 45
44 46
45 49
46 48
46 49
47 48
47 49
48 50
49 50
50 51
51 52
52 54
52 55
52 56
53 54
53 55
53 56

55 92
0 806 977 502 730 1000 209 403 697 675 146 659 496 594 77 42 881 85 53 768 695 445 888 267 856 497 535 850 3 390 461 703 196 437 556 277 788 116 679 836 790 176 494 638 122 570 2 7 83 769 527 8 319 734 505
0 1
2 6
3 5
3 6
4 5
4 6
5 7
5 8
5 9
6 7
6 8
7 10
7 11
8 10
8 11
8 12
9 10
9 11
9 12
10 13
10 14
11 13
11 14
12 13
12 14
13 15
13 16
13 17
14 16
14 17
15 18
15 19
16 18
16 19
17 18
18 20
18 21
18 22
19 20
19 21
19 22
20 23
23 24
23 25
24 26
24 27
25 26
25 27
25 28
26 29
27 29
29 30
29 31
29 32
30 33
30 34
31 33
31 34
32 33
32 34
33 35
33 36
34 35
35 37
35 38
37 39
37 40
38 40
39 41
39 43
40 43
41 44
41 45
42 44
42 45
43 44
43 45
44 46
44 47
45 46
45 47
46 48
47 48
48 49
48 50
49 52
49 53
49 54
50 52
50 54
51 52
51 53

42 64
0 591 87 928 668 229 218 174 10 89 33 821 288 176 136 735 641 660 655 727 830 778 293 312 395 844 226 6 326 519 579 98 109 18 26 776 246 595 949 255 683 334
0 4
1 2
1 4
2 5
2 6
2 7
3 5
3 6
3 7
4 5
4 6
4 7
6 8
6 9
7 8
8 10
8 11
9 11
9 12
10 13
10 14
11 13
11 14
12 13
12 14
13 15
14 15
15 16
15 17
16 18
16 19
16 20
17 18
17 19
17 20
18 21
19 21
19 22
20 21
20 22
21 23
22 23
23 24
24 25
25 27
25 28
27 29
28 29
30 31
31 32
32 34
32 35
33 36
33 37
34 36
34 37
35 36
35 37
36 39
37 39
38 40
38 41
39 40
39 41

50 76
0 315 233 314 962 662 677 732 486 34 180 528 743 958 718 686 502 15 929 820 719 324 25 179 171 134 424 530 573 373 897 454 687 481 119 649 143 795 380 980 911 507 275 220 576 312 73 942 240 892
0 1
0 2
0 3
1 4
1 5
1 6
2 4
2 5
2 6
3 5
3 6
4 7
4 8
4 9
5 8
6 7
7 10
10 11
10 12
11 13
11 14
12 13
12 15
13 18
14 16
14 17
14 18
15 16
15 17
15 18
16 20
17 19
17 20
18 19
18 20
21 22
21 23
21 24
23 25
24 25
25 26
26 28
27 28
29 30
29 31
30 32
30 34
31 32
31 33
31 34
32 35
32 37
33 35
33 36
34 35
34 37
35 38
35 39
36 38
37 38
37 39
38 40
38 41
39 40
39 41
40 42
40 43
42 45
42 46
43 46
44 45
45 48
45 49
46 47
46 48
46 49

51 71
0 676 592 283 311 388 3 838 125 291 327 348 842 117 791 779 190 26 490 770 433 823 899 908 935 943 902 574 922 732 738 994 759 329 629 70 68 631 907 192 921 585 540 114 702 330 892 891 707 382 12
0 4
1 2
1 3
1 4
2 5
2 6
2 7
3 6
3 7
4 6
4 7
5 8
5 9
6 8
6 9
7 9
8 10
9 10
10 12
11 13
11 14
12 13
12 14
13 15
15 16
16 17
17 18
18 19
18 20
19 22
20 21
20 22
21 23
22 23
23 24
23 25
24 26
24 27
25 27
26 28
28 29
29 30
29 31
29 32
30 34
30 35
31 33
31 34
31 35
32 34
33 36
33 37
35 36
35 37
36 38
36 39
37 39
37 40
38 41
38 43
39 41
39 42
40 42
40 43
42 44
43 44
44 45
44 46
47 48
47 49
47 50

60 105
0 637 118 65 148 756 810 337 177 341 865 252 812 333 391 235 267 294 708 439 179 859 628 536 880 86 830 142 602 249 616 590 718 681 737 866 788 546 202 964 887 66 568 50 750 958 636 368 343 806 782 553 785 317 433 870 498 926 824 747
2 3
3 4
3 5
4 6
4 7
5 6
6 8
6 9
7 9
8 10
8 11
9 11
10 12
10 13
10 14
11 12
11 13
11 14
12 15
12 16
12 17
13 16
13 17
14 15
14 16
15 18
15 19
16 18
16 20
17 18
17 19
18 21
18 22
19 21
19 22
20 21
21 24
21 25
22 23
22 24
22 25
23 26
23 27
23 28
24 26
24 27
24 28
25 26
25 27
25 28
26 29
27 29
29 30
29 31
29 32
30 33
30 34
31 33
31 34
32 33
32 34
33 35
34 35
36 37
37 38
37 39
37 40
38 41
38 42
38 43
39 41
39 42
39 43
40 41
40 43
41 44
41 45
42 44
42 45
43 44
43 45
44 46
45 46
46 47
46 48
47 50
47 52
48 50
48 51
48 52
49 50
49 51
49 52
51 53
53 54
53 55
54 57
54 58
54 59
55 57
55 58
55 59
56 57
56 58
56 59

54 82
0 929 875 254 587 140 4 335 358 622 69 362 779 861 666 852 499 430 850 115 204 887 446 354 947 190 752 732 742 420 721 707 294 975 645 785 978 979 142 951 399 855 730 259 521 581 110 302 782 576 857 668 373 211
0 3
0 4
1 4
3 5
5 6
5 8
6 9
6 10
7 9
7 10
8 9
8 10
9 11
10 11
11 12
11 13
12 14
12 15
13 14
13 15
14 16
14 17
14 18
15 16
15 17
15 18
16 19
17 19
20 22
21 23
21 24
21 25
22 23
22 24
22 25
23 26
23 28
24 26
24 27
25 27
25 28
26 30
27 29
27 30
28 29
28 30
29 31
29 32
30 32
32 34
33 35
33 36
34 35
34 36
35 37
35 39
36 37
36 38
36 39
37 40
38 40
39 40
40 41
40 42
40 43
41 44
41 45
42 44
42 45
42 46
43 45
43 46
44 47
44 48
45 48
46 48
47 50
48 50
49 51
49 53
50 51
50 53

45 64
0 821 309 483 198 775 612 955 392 53 630 576 876 395 659 228 144 829 165 333 884 496 721 122 202 203 288 969 614 272 140 285 445 448 767 994 574 379 948 965 783 578 893 658 324
1 2
2 3
2 4
3 5
3 6
4 6
5 7
5 8
6 7
6 9
7 10
7 11
8 10
8 11
9 10
9 11
10 12
10 14
11 12
11 13
11 14
12 15
14 15
15 16
16 19
17 19
18 19
19 20
19 21
19 22
20 23
20 25
21 23
21 24
22 24
22 25
23 26
26 28
26 29
27 31
27 32
28 31
28 32
29 30
29 31
30 33
31 33
32 33
33 34
34 35
34 37
35 38
35 39
36 38
36 39
37 38
37 39
38 40
39 41
40 42
40 43
40 44
41 43
41 44

42 50
0 111 651 639 687 839 505 70 853 322 411 659 40 935 993 403 68 286 884 200 889 38 710 891 274 393 786 520 67 956 724 742 418 726 380 104 564 885 525 769 558 287
0 2
1 2
2 3
2 4
2 5
3 6
4 6
5 6
6 9
7 10
8 10
9 10
10 11
10 12
12 13
13 15
15 16
16 17
16 18
17 19
20 22
20 23
21 23
22 24
22 25
23 24
23 25
24 26
25 26
26 27
27 28
27 29
27 30
29 31
31 32
32 34
32 35
33 34
33 35
34 37
35 36
35 37
36 38
36 39
37 38
37 39
37 40
38 41
39 41
40 41

52 75
0 966 927 714 665 842 784 196 394 463 439 497 667 111 6 881 886 319 539 27 506 900 266 568 8 380 902 588 384 764 788 729 66 779 745 907 562 293 301 376 731 797 42 194 802 922 79 472 812 457 978 711
0 3
0 4
1 3
1 4
3 5
3 6
4 5
4 6
4 7
5 8
6 8
7 8
8 10
10 12
11 12
12 13
12 14
13 15
14 15
14 16
15 17
16 17
17 18
17 19
17 20
18 21
18 22
19 21
19 22
20 21
20 22
21 24
21 25
22 23
22 24
22 25
23 26
23 27
24 26
25 27
26 28
26 29
27 28
28 30
28 31
29 30
29 31
30 32
31 32
32 33
33 36
34 35
34 36
35 37
35 38
36 37
36 38
39 40
39 41
40 42
42 43
43 44
43 45
44 46
44 47
45 46
45 47
46 49
46 50
47 48
47 49
47 50
48 51
49 51
50 51

65 118
0 831 676 856 260 518 953 912 443 317 758 541 748 457 878 178 718 850 70 454 63 991 959 87 821 640 161 372 6 653 230 836 328 86 95 197 38 359 639 706 116 531 453 924 761 982 641 610 51 94 25 393 405 463 652 225 455 164 596 460 816 826 647 495 263
0 3
0 5
1 3
1 4
2 3
2 4
2 5
3 6
3 7
4 6
4 7
5 6
5 7
6 8
7 8
8 9
8 10
9 12
10 12
11 12
12 13
12 14
12 15
13 16
13 18
14 16
14 17
14 18
15 16
15 18
16 19
16 20
17 19
17 20
18 19
18 20
19 21
19 22
20 21
21 23
21 24
21 25
22 23
22 25
23 26
23 28
24 26
24 27
24 28
25 26
25 28
26 29
26 30
27 29
27 30
28 29
28 30
29 31
29 32
29 33
30 31
30 32
30 33
31 34
31 35
31 36
32 35
32 36
33 34
33 35
33 36
34 37
34 38
35 37
36 37
36 38
37 39
38 39
39 40
40 41
41 43
41 44
42 43
42 44
43 45
43 46
43 47
44 45
44 46
44 47
46 48
47 48
48 49
48 50
48 51
49 52
50 52
52 53
53 54
53 55
53 56
54 57
54 58
54 59
55 59
56 59
57 60
57 61
57 62
58 60
58 61
58 62
59 60
59 61
59 62
60 63
62 63
63 64

51 94
0 340 156 440 76 137 109 143 852 550 841 828 274 741 684 202 707 520 825 605 715 125 896 609 897 150 527 17 947 778 786 661 117 293 101 544 430 561 686 281 462 878 460 735 618 936 677 14 113 633 80
0 2
1 2
1 3
2 4
2 5
3 4
3 5
4 7
4 8
5 6
5 7
5 8
6 9
6 10
6 11
7 9
7 10
8 9
8 10
9 12
9 13
10 12
11 12
12 14
12 15
12 16
13 14
13 15
13 16
14 17
15 17
15 18
16 18
17 19
18 19
18 20
18 21
19 22
19 23
20 22
20 23
22 24
22 25
23 24
24 26
24 27
25 26
25 27
26 28
27 28
28 29
28 30
30 31
31 32
32 33
32 34
32 35
33 36
33 37
33 38
34 36
34 37
34 38
35 36
35 37
35 38
36 39
36 40
36 41
37 39
38 39
38 40
39 42
39 44
40 42
40 43
40 44
41 42
41 43
41 44
42 45
42 46
42 47
43 45
43 47
44 47
45 48
45 49
45 50
46 48
46 49
46 50
47 49
47 50

37 49
0 337 465 655 156 354 289 214 539 759 189 683 177 64 216 131 719 474 755 833 377 196 788 267 92 870 604 373 519 745 750 792 433 566 798 940 919
0 3
1 3
2 3
3 4
3 5
4 7
4 8
5 7
5 8
6 7
6 8
8 9
9 10
9 11
10 12
11 12
12 13
12 14
12 15
14 16
15 16
16 17
17 19
18 19
19 20
19 21
20 22
20 23
21 22
21 23
22 25
23 24
24 26
24 27
25 26
25 27
26 28
26 29
27 28
27 29
27 30
28 31
29 31
30 31
31 32
31 34
33 35
34 35
35 36

55 79
0 942 260 28 155 161 464 572 217 424 346 316 837 987 961 762 566 597 479 282 594 929 672 500 350 827 782 379 904 13 857 969 307 116 348 813 629 163 384 845 586 81 512 775 67 472 888 632 421 366 266 14 294 937 513
3 4
4 5
4 6
4 7
5 8
5 9
6 8
6 9
7 8
8 10
8 11
8 12
9 10
9 11
9 12
11 13
13 14
13 15
13 16
14 18
15 17
15 18
16 17
16 19
17 20
17 21
18 20
18 21
18 22
19 20
19 21
20 23
21 23
22 23
24 26
24 28
25 26
25 28
26 30
26 31
27 29
27 30
27 31
28 29
28 30
28 31
29 32
30 32
31 32
32 33
32 35
33 36
33 37
34 36
34 37
35 36
35 37
36 38
37 38
38 39
39 40
40 41
40 42
40 43
41 44
42 44
43 44
44 45
45 47
46 48
47 48
47 49
48 50
48 51
49 50
49 51
51 52
52 53
53 54

61 111
0 118 715 847 305 260 372 165 286 422 567 831 924 214 839 330 516 533 208 32 390 358 622 527 348 922 284 841 170 897 66 640 612 264 296 223 635 812 508 408 379 690 683 592 528 13 459 413 572 842 154 929 815 628 236 953 911 77 475 160 494
0 3
1 3
2 3
3 5
3 6
4 7
4 8
5 8
6 7
6 8
7 10
8 9
8 10
10 11
11 12
12 13
12 14
13 15
13 16
14 15
14 16
15 17
15 18
15 19
16 17
16 18
16 19
17 20
17 21
18 20
18 21
19 20
19 21
20 22
20 23
21 22
22 24
22 25
23 25
24 26
24 27
24 28
25 26
25 27
26 29
26 30
27 29
27 30
27 31
28 29
28 30
28 31
29 32
29 33
29 34
30 32
30 33
30 34
31 32
31 33
31 34
32 35
32 36
33 35
34 35
35 37
35 38
36 37
36 38
37 39
37 40
37 41
38 40
38 41
39 42
39 43
39 44
40 43
40 44
41 42
41 43
41 44
43 45
44 45
45 46
45 47
45 48
46 49
46 50
47 49
47 50
48 49
48 50
49 51
49 52
49 53
50 51
50 52
51 54
51 55
52 55
53 54
53 55
54 56
55 56
56 57
56 58
57 59
57 60
58 59
58 60

59 89
0 514 451 505 38 912 379 293 515 862 738 718 970 556 540 86 874 361 460 120 570 506 510 577 238 410 744 602 637 341 855 151 143 712 55 90 184 921 303 990 272 828 530 357 53 890 168 172 811 25 33 388 263 149 358 491 785 50 698
0 2
1 2
1 3
2 4
3 4
5 6
6 7
7 9
7 10
8 9
8 10
9 11
9 12
9 13
10 11
10 12
11 14
11 15
11 16
12 14
12 15
12 16
13 14
13 16
14 17
14 18
15 17
16 17
16 18
17 19
17 20
18 20
20 21
23 25
23 26
24 25
24 26
25 27
26 27
26 28
27 29
27 30
27 31
28 29
28 30
28 31
29 32
30 32
32 33
32 34
33 36
33 38
34 36
34 37
34 38
35 36
35 37
35 38
36 39
36 40
36 41
37 39
37 41
38 39
38 40
38 41
39 43
40 42
40 43
41 42
41 43
42 44
42 45
43 45
44 46
45 46
46 47
46 48
47 50
48 49
48 50
49 51
50 51
51 52
53 54
54 57
55 56
55 57
55 58

45 67
0 391 508 178 460 268 465 864 517 245 670 787 160 188 109 208 919 4 789 9 926 144 64 859 516 191 148 614 943 769 411 1 159 270 970 537 995 833 53 239 502 398 41 652 605
0 2
2 3
2 4
3 5
3 6
3 7
4 5
4 6
4 7
5 9
6 8
7 8
7 9
9 10
10 13
11 15
12 15
13 14
14 16
14 17
14 18
15 16
15 17
15 18
16 19
17 19
18 19
19 20
21 22
22 23
22 24
23 25
23 26
24 25
25 27
25 28
26 27
26 28
27 29
27 30
27 31
28 29
28 30
28 31
29 32
30 32
31 32
32 33
32 34
32 35
33 36
33 37
33 38
34 36
34 37
34 38
35 36
35 37
35 38
36 40
37 39
37 40
38 40
39 41
41 42
41 43
41 44

56 92
0 92 948 158 22 517 853 301 134 224 29 766 658 187 292 871 668 965 724 916 186 256 101 821 795 511 710 761 616 902 60 967 993 359 477 367 876 329 667 9 552 48 126 562 586 417 432 253 733 507 521 919 762 973 739 908
0 2
0 3
1 2
1 3
1 4
3 5
4 5
5 6
6 7
6 8
7 10
7 12
8 10
8 12
9 10
9 11
9 12
10 14
11 13
11 14
11 15
12 13
12 14
12 15
13 16
13 17
13 18
14 16
14 17
14 18
15 18
16 19
16 20
16 21
17 20
17 21
18 19
18 21
19 22
20 23
21 22
22 25
23 24
23 25
24 27
25 27
26 27
27 30
28 32
29 31
30 31
30 32
31 33
33 35
33 36
34 37
35 37
36 37
37 38
38 40
39 41
39 42
40 41
40 42
41 43
41 44
41 45
42 43
43 46
43 47
44 46
44 47
45 46
45 47
46 48
46 49
46 50
47 48
47 49
47 50
48 51
48 52
48 53
49 51
49 52
50 51
50 53
51 54
51 55
52 54
52 55
53 54

50 72
0 718 532 178 844 393 318 443 603 869 623 884 626 899 386 857 772 347 723 510 725 660 513 581 251 134 437 15 241 54 60 310 938 237 153 330 907 595 284 775 570 519 753 468 256 609 239 954 331 101
0 2
0 3
1 2
1 3
2 4
2 5
2 6
3 4
3 5
3 6
4 7
4 8
6 7
6 8
7 9
8 9
9 10
11 12
12 13
13 14
13 15
13 16
14 17
14 18
15 17
15 18
15 19
16 18
16 19
17 20
17 21
18 20
19 21
21 22
22 23
23 24
24 26
25 27
26 27
27 28
27 29
28 31
29 31
30 31
31 32
32 33
33 34
33 35
34 36
34 37
35 37
36 38
36 39
37 38
37 39
38 40
39 40
39 41
39 42
40 43
41 43
42 43
43 44
43 45
43 46
44 47
44 48
45 47
46 47
46 48
47 49
48 49

56 86
0 367 436 298 140 418 241 388 742 443 994 932 346 9 319 669 582 194 600 965 815 919 63 334 253 263 766 738 749 940 588 467 375 237 958 793 477 697 534 272 42 817 617 402 136 285 983 681 218 935 997 33 853 60 718 457
0 1
0 2
0 3
1 4
2 4
2 5
3 4
3 5
4 6
4 7
5 6
6 8
7 8
8 9
9 10
10 12
11 12
12 13
12 14
13 16
13 17
13 18
14 16
14 18
15 16
15 17
15 18
16 19
16 20
17 19
18 19
19 21
20 21
21 22
22 23
23 26
24 27
25 27
26 27
28 30
29 32
29 34
30 32
30 33
31 32
31 33
31 34
32 37
33 35
33 37
34 35
34 36
34 37
35 38
35 40
36 38
36 39
37 38
37 40
39 41
39 42
39 43
40 41
40 43
41 44
42 45
43 44
43 46
44 48
44 49
45 47
45 48
46 47
46 48
47 50
47 51
47 52
48 50
48 51
48 52
49 50
49 52
50 53
52 53
53 54
53 55

54 77
0 121 760 548 844 227 307 156 570 937 408 141 748 155 366 250 244 515 901 755 680 501 412 741 132 354 714 303 763 242 883 125 142 78 703 800 233 273 736 992 765 484 146 482 733 996 985 495 675 485 906 767 968 26
0 3
0 4
1 3
1 4
2 3
2 4
3 5
4 5
4 6
5 7
6 7
7 8
7 10
8 11
10 11
11 12
11 13
13 14
14 15
15 16
15 17
16 18
16 19
17 18
17 19
18 20
19 20
20 22
20 23
21 24
21 25
21 26
22 24
22 25
22 26
23 24
23 25
23 26
24 27
25 27
26 27
27 28
27 29
28 30
28 31
29 30
29 31
31 32
32 33
33 34
33 35
34 38
35 36
35 37
35 38
36 39
37 39
38 39
39 40
39 41
39 42
40 43
41 43
42 43
43 44
44 46
47 48
47 49
47 50
48 51
48 52
48 53
49 51
49 52
50 51
50 52
50 53

44 55
0 752 945 282 737 783 239 381 864 617 459 37 420 149 674 730 362 870 120 161 123 146 748 605 500 936 904 190 861 135 963 392 886 907 673 974 690 264 354 553 880 165 941 299
0 5
1 3
1 4
1 5
2 3
2 4
2 5
3 6
4 6
5 6
6 8
7 9
7 10
8 9
8 10
9 11
10 11
11 12
11 13
12 15
12 16
13 16
14 16
15 17
16 17
17 18
18 20
19 20
20 21
20 22
21 23
22 23
24 26
25 26
26 27
26 28
27 29
28 29
29 30
30 31
30 32
32 33
33 34
34 35
34 36
35 37
35 38
37 39
37 40
38 39
38 40
38 41
40 42
41 42
42 43

38 52
0 393 330 426 109 257 297 198 111 213 810 177 800 55 510 114 914 676 517 704 999 289 966 738 277 211 541 649 307 908 41 636 686 149 245 982 698 501
0 1
0 2
0 3
1 4
2 4
2 6
3 4
3 5
4 8
5 7
5 8
5 9
6 8
6 9
7 10
7 11
8 10
9 11
10 12
11 12
12 13
13 14
13 16
14 17
15 17
16 17
17 18
18 19
18 20
18 21
19 22
20 22
21 22
22 23
22 24
23 25
23 26
24 25
24 26
25 27
26 27
27 28
28 31
29 32
29 33
30 32
30 33
31 33
32 34
33 34
34 36
36 37

43 62
0 729 376 565 700 351 995 314 152 547 501 298 48 394 643 666 573 543 166 540 754 812 949 591 528 718 837 804 851 847 569 583 575 945 499 626 295 846 291 798 392 791 447
0 1
0 2
1 3
1 4
2 4
5 6
6 7
6 8
6 9
7 10
7 12
8 10
8 11
8 12
9 10
9 11
9 12
10 13
10 14
10 15
11 13
11 14
12 13
12 15
13 16
14 16
15 16
16 17
18 19
19 20
19 22
20 23
20 24
21 24
22 23
23 27
24 25
24 26
24 27
25 28
25 29
26 28
26 29
27 28
27 29
28 30
29 30
30 31
32 33
32 34
33 36
33 37
34 36
34 37
35 36
35 37
36 38
36 39
37 38
37 39
38 40
40 41

55 83
0 547 713 848 231 308 807 677 58 732 192 593 995 597 959 650 513 488 379 568 836 546 181 861 936 12 470 553 45 157 63 697 703 775 896 933 434 702 962 491 786 153 436 132 101 394 781 966 233 159 533 421 57 66 281
0 1
0 2
1 4
1 5
3 4
3 5
4 6
4 7
4 8
5 6
5 7
5 8
6 9
6 10
7 9
7 10
8 9
8 10
10 11
10 12
11 13
13 14
13 15
14 16
14 17
15 16
15 17
16 18
16 19
17 18
17 19
18 20
19 20
20 21
20 22
20 23
21 24
22 24
23 24
24 25
24 26
25 28
26 28
27 28
28 29
29 30
30 31
30 32
30 33
34 35
34 36
35 37
36 37
36 38
37 39
38 39
39 41
39 42
40 43
40 44
41 43
41 44
42 43
43 45
44 45
45 46
45 47
45 48
46 49
46 50
46 51
47 49
47 50
47 51
48 49
48 51
49 52
49 54
50 52
50 53
51 52
51 53
51 54

37 50
0 96 24 275 906 138 531 595 30 349 264 243 848 875 791 901 91 757 923 157 360 88 630 311 298 277 107 641 908 992 986 355 439 10 629 345 499
0 3
0 4
1 2
1 3
1 4
2 5
3 5
4 5
5 6
5 7
6 8
7 8
8 9
9 11
9 12
10 11
10 12
12 13
13 14
14 16
16 18
17 18
18 19
20 21
20 22
21 23
22 24
22 25
23 26
24 26
25 26
26 27
26 28
26 29
27 30
27 31
27 32
28 31
29 30
29 31
29 32
30 33
30 34
30 35
31 33
31 34
31 35
32 34
32 35
33 36

45 65
0 266 342 58 111 588 668 930 319 123 573 849 614 770 96 256 95 445 257 275 401 859 700 268 235 174 52 340 471 16 996 736 357 405 199 944 424 480 615 546 463 511 992 584 606
0 3
0 4
1 3
1 4
2 3
2 4
3 5
3 6
4 5
4 6
4 7
5 9
6 8
6 9
6 10
7 9
7 10
8 11
9 11
10 11
11 12
11 13
12 15
13 15
14 15
15 16
16 17
17 18
18 19
18 20
19 21
20 22
21 23
22 23
23 24
24 25
24 26
25 28
25 29
26 29
27 28
27 29
28 30
29 30
31 32
31 33
31 34
32 35
32 36
32 37
33 35
33 36
33 37
34 36
34 37
35 38
36 38
39 40
39 41
39 42
40 43
40 44
41 43
42 43
42 44

55 84
0 89 499 837 1000 293 927 517 198 493 137 6 610 418 677 922 433 383 282 192 645 425 929 294 869 613 132 323 828 932 810 136 20 660 973 371 952 899 240 501 391 728 506 146 534 274 930 917 907 473 561 331 402 854 551
0 3
0 4
1 3
1 4
2 3
2 4
3 5
3 6
3 7
4 5
4 6
7 8
7 9
8 10
8 11
8 12
9 10
9 11
9 12
10 13
12 13
14 16
14 17
15 16
15 17
16 18
16 19
16 20
17 18
17 20
18 21
18 22
19 21
20 21
20 22
21 24
22 23
23 25
23 26
23 27
24 26
24 27
25 28
25 29
26 28
26 29
27 28
27 29
28 31
29 30
29 31
30 32
30 33
31 32
31 33
32 34
32 35
34 36
34 38
35 36
35 37
38 39
39 40
39 42
40 43
41 43
42 43
43 44
43 45
44 46
44 47
45 46
45 47
46 48
46 49
46 50
47 48
47 49
47 50
49 52
50 52
51 53
52 53
53 54

37 54
0 709 44 799 124 800 575 179 165 687 772 757 170 583 510 67 265 786 726 72 831 349 594 620 288 532 274 784 804 194 696 586 902 92 384 25 243
0 2
1 2
3 4
3 5
4 7
5 6
5 8
6 9
6 10
6 11
7 9
7 10
7 11
8 9
8 10
8 11
9 12
10 12
11 12
12 13
13 15
13 16
13 17
14 15
14 16
14 17
15 18
15 19
15 20
16 18
16 19
17 18
17 19
17 20
18 22
19 21
19 22
20 22
21 23
22 23
23 24
24 25
25 26
26 27
26 28
27 30
28 30
29 30
30 31
30 32
30 33
32 34
34 35
35 36

50 83
0 286 33 831 315 697 937 594 765 15 209 904 148 236 731 312 771 570 611 201 820 80 752 10 622 980 941 743 907 929 509 821 566 542 651 880 590 940 826 707 954 34 610 454 269 340 391 261 376 943
0 3
0 4
1 2
1 3
1 4
2 5
2 6
2 7
3 5
3 7
4 6
5 8
5 9
6 8
6 9
7 8
7 9
8 10
8 11
8 12
9 10
9 11
9 12
10 13
12 13
13 14
14 15
15 18
15 19
15 20
16 18
16 20
17 18
17 19
17 20
18 21
18 22
19 21
19 22
20 21
20 22
21 23
22 23
23 24
24 25
24 27
25 28
25 29
25 30
26 29
26 30
27 28
27 29
27 30
28 31
29 31
31 32
31 33
32 34
32 35
32 36
33 34
33 35
33 36
35 37
35 38
36 37
36 38
37 39
37 40
38 39
38 40
39 42
40 41
40 42
41 43
42 43
44 47
45 48
45 49
46 48
47 48
47 49

48 73
0 195 682 250 201 731 853 322 705 295 826 521 325 84 480 769 786 970 30 909 744 191 882 133 612 834 576 165 994 848 646 535 42 680 784 594 410 637 268 467 283 93 987 608 176 466 728 314
0 2
0 3
0 4
1 2
1 3
1 4
2 5
3 5
4 5
5 6
6 7
7 9
7 11
8 9
8 10
9 12
9 13
10 12
10 13
10 14
11 13
11 14
13 15
13 16
14 15
15 17
15 18
17 19
17 20
18 19
18 20
19 21
20 21
21 22
21 23
22 24
24 26
24 27
25 28
25 29
26 28
26 29
27 28
27 29
28 31
29 30
29 31
30 32
30 33
31 32
31 33
32 34
32 35
32 36
33 34
33 36
34 37
35 37
36 37
37 38
37 39
37 40
38 41
40 41
41 42
42 43
42 44
42 45
43 46
43 47
44 46
44 47
45 46

64 110
0 328 81 267 711 350 970 463 279 680 479 678 965 693 143 598 384 257 529 683 664 784 838 972 524 30 795 685 888 48 544 378 727 625 997 438 326 318 252 605 730 634 313 775 776 911 158 791 840 399 926 677 371 801 59 517 486 298 917 381 675 643 357 23
1 2
1 3
2 5
2 6
3 6
4 8
4 9
5 7
5 8
5 9
6 8
6 9
7 10
9 10
10 11
10 12
10 13
11 15
11 16
12 14
12 15
12 16
13 14
13 15
13 16
14 18
14 19
15 17
16 17
16 18
16 19
17 20
18 20
20 22
21 23
21 24
22 23
22 24
23 25
23 26
23 27
24 25
24 26
24 27
25 28
25 29
27 28
27 29
28 30
28 31
28 32
29 30
29 32
30 33
30 34
30 35
31 33
31 34
32 35
34 36
35 36
36 37
37 39
37 40
37 41
38 39
38 40
38 41
39 42
39 43
40 42
40 43
41 42
41 43
42 44
43 44
44 46
45 46
46 48
47 49
47 50
47 51
48 49
48 50
48 51
49 52
49 53
49 54
50 52
50 53
50 54
51 52
51 53
51 54
52 55
52 56
53 56
53 57
54 55
54 56
54 57
56 58
57 58
58 59
58 60
59 61
59 62
59 63
60 61
60 62

47 71
0 126 441 506 9 996 963 737 42 663 659 230 289 477 880 306 985 354 567 558 353 280 900 926 601 113 740 973 432 510 980 988 873 485 348 868 799 84 909 462 94 139 750 570 370 56 906
0 3
1 2
1 3
1 4
3 5
4 5
5 6
5 7
5 8
6 9
6 10
7 9
7 10
8 9
8 10
9 11
10 11
11 12
12 13
12 14
13 16
14 16
16 17
16 18
17 19
17 20
18 20
19 21
19 22
20 21
20 22
21 23
21 24
22 23
24 25
25 26
26 27
27 29
29 30
29 31
30 32
30 33
30 34
31 33
31 34
32 35
32 36
33 35
34 35
35 37
36 37
37 38
37 39
38 40
38 41
38 42
39 40
39 41
39 42
40 43
40 44
40 45
41 43
41 44
41 45
42 43
42 44
42 45
43 46
44 46
45 46

54 85
0 641 469 317 751 799 768 58 124 888 873 403 743 196 410 257 810 362 171 696 411 472 646 170 172 931 478 599 441 525 495 573 518 315 890 268 465 9 677 588 897 550 990 991 745 752 906 769 601 875 593 397 116 881
0 1
0 2
0 3
1 4
1 5
2 4
2 5
3 4
3 5
4 6
5 6
5 7
5 8
6 9
6 10
7 9
7 10
8 10
8 11
9 12
9 13
9 14
10 12
10 13
10 14
11 12
11 13
11 14
12 15
12 16
12 17
13 15
13 16
13 17
14 17
15 18
16 18
17 18
18 19
18 20
19 21
20 21
21 22
23 24
26 27
26 29
27 30
27 31
28 30
28 31
29 31
30 32
30 33
30 34
31 32
31 33
31 34
32 36
33 35
33 36
34 36
35 37
37 38
37 39
37 40
38 41
38 42
38 43
39 42
39 43
40 42
40 43
41 44
42 44
43 44
44 45
44 46
44 47
45 48
46 48
48 49
48 50
49 52
49 53
50 52

57 96
0 919 681 896 598 288 45 504 313 652 684 179 439 917 449 589 736 749 528 613 171 126 170 840 674 641 59 624 731 568 971 79 486 4 327 436 643 371 939 955 22 974 460 891 286 48 978 386 927 943 556 404 112 747 430 104 158
0 3
1 3
2 4
2 5
2 6
3 4
3 5
3 6
4 7
5 7
7 8
7 9
8 10
8 11
8 12
9 10
9 11
9 12
10 13
10 14
10 15
11 13
11 14
12 14
12 15
13 16
14 16
15 16
16 18
16 19
17 18
17 19
18 22
19 20
19 21
20 23
20 24
21 24
22 23
22 24
23 25
23 26
24 25
25 27
25 28
25 29
26 27
26 28
26 29
27 31
27 32
28 30
28 31
28 32
29 31
30 33
31 33
32 33
33 34
33 35
33 36
34 38
35 37
35 38
36 38
37 39
37 40
38 39
38 40
39 42
40 41
40 42
40 43
41 44
42 44
43 44
44 45
44 46
45 48
46 48
47 48
48 49
48 51
49 52
49 53
49 54
50 52
50 53
50 54
51 52
51 53
52 55
52 56
53 56
54 55
54 56

42 63
0 206 836 765 868 9 752 322 713 558 455 488 4 42 74 20 22 17 258 87 610 480 113 279 120 945 362 45 16 843 141 367 48 328 132 915 336 235 588 49 144 394
0 2
0 3
0 4
1 2
1 4
2 5
2 6
3 5
4 5
4 6
5 7
5 8
5 9
6 9
7 10
8 10
10 11
12 13
12 14
13 17
14 16
14 18
15 16
15 17
15 18
16 19
17 19
19 20
20 21
20 22
21 23
22 23
23 24
23 25
24 26
25 26
26 27
26 28
26 29
27 30
28 30
28 31
28 32
29 30
29 31
29 32
30 34
30 35
31 33
31 35
32 33
32 34
33 36
33 38
34 36
34 38
35 36
35 37
35 38
36 39
37 39
38 39
39 41

50 84
0 891 283 832 899 632 650 762 743 435 123 846 461 311 932 352 523 838 359 769 128 117 954 79 935 377 635 295 67 401 645 91 291 927 923 541 559 572 302 653 777 850 819 87 781 522 961 970 881 82
0 2
0 3
1 2
1 3
2 5
3 4
3 5
4 6
4 7
4 8
5 6
5 7
5 8
6 9
7 9
8 9
9 10
10 12
11 12
11 13
12 15
13 15
14 16
16 17
17 18
18 20
18 21
19 23
20 22
20 23
21 23
22 25
22 26
23 24
23 26
24 27
24 28
25 27
25 28
25 29
26 28
26 29
27 30
27 32
28 30
28 31
28 32
29 30
29 31
30 33
30 35
31 33
31 34
31 35
32 35
33 36
33 37
34 36
34 37
34 38
35 36
35 37
36 39
36 40
37 39
38 39
38 40
39 41
40 41
41 42
41 43
42 45
42 46
42 47
43 46
43 47
44 45
44 46
44 47
45 48
45 49
46 48
46 49
47 49

42 58
0 103 740 616 606 222 786 19 312 641 607 934 156 925 588 522 478 685 209 15 343 689 766 474 397 179 244 834 175 530 840 629 621 808 586 842 593 604 505 210 790 741
0 2
2 3
2 4
2 5
3 6
3 7
4 6
4 7
5 7
6 8
6 9
7 8
7 9
8 10
9 10
11 12
12 13
13 14
14 15
15 16
15 17
16 18
16 19
16 20
17 19
18 21
18 22
19 21
19 22
20 22
21 23
21 24
22 24
23 25
23 26
24 25
24 26
25 27
26 27
27 28
27 29
28 30
29 30
29 31
30 32
31 32
32 33
32 34
33 35
33 36
33 37
34 36
34 37
35 38
36 38
37 38
38 39
38 41

38 58
0 420 996 136 825 319 772 430 649 352 35 273 347 185 301 173 910 371 480 132 748 184 174 636 46 711 839 88 947 724 11 178 495 358 313 676 84 677
0 1
1 2
1 4
2 5
3 5
4 5
4 6
5 7
6 7
7 8
7 9
7 10
8 11
8 12
9 11
9 12
10 11
10 12
11 14
12 14
13 16
14 15
14 16
15 18
15 19
16 18
16 19
17 20
17 21
18 20
18 21
18 22
19 20
19 21
19 22
20 23
20 24
20 25
21 23
21 25
22 23
22 24
22 25
23 26
24 26
25 26
26 27
27 28
28 29
29 30
30 31
31 32
32 33
32 35
33 36
34 37
35 36
35 37

51 85
0 684 261 531 159 619 765 840 183 934 579 513 966 299 524 331 724 963 174 45 759 46 30 869 336 649 474 906 747 6 689 107 41 949 989 551 919 105 390 101 38 321 965 355 488 37 342 802 563 738 912
0 2
0 3
0 4
1 2
1 3
1 4
2 5
3 5
4 5
5 6
5 7
6 9
7 8
7 9
8 10
8 11
9 10
9 11
10 12
10 13
11 12
11 13
12 14
14 15
15 17
15 18
16 18
17 19
18 19
19 20
19 21
20 22
21 22
22 23
23 24
23 25
23 26
24 27
24 28
24 29
26 27
26 28
26 29
27 30
28 30
29 30
30 31
31 33
32 33
33 34
33 35
34 37
35 36
35 37
35 38
36 39
36 41
37 40
37 41
38 39
38 40
38 41
39 42
39 43
39 44
40 42
40 43
40 44
41 42
41 44
42 45
42 46
42 47
43 45
43 46
44 45
44 46
44 47
45 48
45 49
45 50
46 48
46 49
47 48
47 50

58 97
0 128 744 793 159 858 639 301 492 31 723 725 81 25 648 34 772 67 389 989 647 407 882 859 143 136 811 346 468 418 581 215 897 676 7 533 645 707 24 27 782 100 107 158 99 140 930 517 528 270 163 286 504 373 780 991 536 126
0 2
0 3
1 4
1 5
2 5
3 4
4 6
5 6
6 7
6 8
6 9
7 10
7 11
7 12
8 10
8 12
9 10
9 11
9 12
10 13
11 13
12 13
13 14
13 15
13 16
14 17
14 18
15 18
16 17
16 18
18 19
19 20
19 21
20 23
21 23
22 23
23 24
24 25
24 26
24 27
25 28
25 29
25 30
26 28
26 29
26 30
27 28
27 29
27 30
28 31
28 32
28 33
29 31
29 32
29 33
30 32
30 33
31 34
31 35
32 34
32 35
33 34
33 35
34 36
34 37
35 36
36 38
36 39
36 40
37 38
37 39
37 40
38 41
39 41
40 41
41 42
42 43
42 44
42 45
43 46
44 46
45 46
47 48
47 50
48 51
48 52
49 51
49 52
50 52
51 53
51 55
52 54
53 56
53 57
54 56
54 57
55 57

43 68
0 648 917 568 368 182 270 944 511 716 378 139 962 198 220 524 922 116 399 440 530 715 877 271 308 658 172 810 346 150 216 417 149 132 984 516 665 605 459 175 672 837 634
0 1
0 2
0 3
1 4
1 5
2 4
2 5
3 4
3 5
4 6
5 6
6 8
7 9
8 9
9 10
10 11
10 12
12 13
13 14
14 15
14 16
15 17
15 18
15 19
16 17
16 18
16 19
17 20
17 21
17 22
18 20
18 21
19 20
19 21
19 22
20 23
20 24
21 23
21 24
22 23
22 24
23 25
23 26
24 25
24 26
25 27
25 28
26 27
26 28
27 29
27 30
28 29
29 31
29 32
30 31
30 32
31 33
32 33
33 34
33 36
34 38
35 37
35 38
36 37
37 39
39 40
40 42
41 42

44 66
0 573 260 949 885 645 137 366 840 337 986 984 632 233 706 404 212 620 983 268 365 489 279 791 99 180 653 794 82 34 822 654 123 891 290 611 608 481 947 593 817 930 178 49
0 2
1 2
3 4
3 5
3 6
4 7
5 7
6 7
7 8
7 9
7 10
9 12
10 12
11 13
11 14
12 13
13 15
15 16
16 17
16 18
16 19
17 20
18 20
20 21
21 22
21 23
21 24
22 25
22 27
23 25
23 26
23 27
24 25
24 27
25 28
25 29
26 28
26 29
27 28
27 29
28 30
28 31
29 30
29 31
30 32
30 33
30 34
31 32
31 33
32 35
33 35
34 35
35 36
35 38
36 39
36 40
36 41
37 39
37 41
38 39
38 40
38 41
39 42
40 42
41 42
42 43

44 71
0 691 418 868 184 674 980 684 957 852 52 875 406 76 207 385 887 128 468 228 360 948 721 653 903 871 208 944 936 843 189 978 612 57 513 286 36 196 594 239 248 644 675 26
0 2
0 3
0 4
1 2
1 3
1 4
2 5
3 5
3 6
4 5
5 7
5 8
6 7
6 8
7 9
7 10
8 9
8 10
9 11
10 11
10 12
11 13
11 14
12 13
12 14
14 15
15 16
16 17
17 18
17 19
17 20
18 21
18 22
18 23
19 21
19 22
19 23
20 21
20 22
20 23
21 24
21 25
21 26
22 24
22 25
22 26
23 24
23 25
24 27
25 27
27 28
27 29
27 30
28 31
28 32
29 31
29 33
30 31
30 32
31 34
32 34
33 34
34 35
34 36
34 37
37 38
38 41
39 42
40 42
40 43
41 42

36 54
0 958 645 357 799 790 121 296 533 907 998 366 226 701 501 946 778 108 861 514 246 292 35 567 945 728 79 334 616 821 873 21 130 517 377 929
0 1
0 2
0 3
1 4
2 4
3 4
4 5
5 6
6 7
6 8
6 9
7 10
7 11
7 12
8 11
8 12
9 10
9 11
9 12
10 13
10 14
11 13
12 13
12 14
13 15
14 15
15 16
16 17
17 18
18 19
19 20
20 21
20 22
21 24
22 23
22 24
22 25
24 26
25 27
26 29
27 28
27 29
28 30
28 31
28 32
29 30
29 31
29 32
30 33
30 34
30 35
31 33
32 33
32 35

37 38
0 438 654 908 224 565 33 390 880 570 256 122 391 194 422 716 228 708 500 262 554 283 700 237 972 930 30 269 878 335 689 91 773 695 998 996 259
1 3
2 3
3 4
3 5
3 6
4 7
5 7
7 8
8 9
9 10
9 12
10 13
11 13
13 14
13 15
14 17
15 17
16 18
16 20
17 19
17 20
18 21
18 22
19 21
21 23
21 24
22 23
22 24
23 25
24 25
25 27
25 28
26 29
30 31
31 32
33 34
33 35
33 36

66 119
0 412 221 824 328 954 212 958 804 920 858 44 907 388 497 139 98 204 46 765 830 679 525 810 426 918 369 852 581 25 900 345 245 724 672 550 287 982 354 206 191 397 112 931 893 603 28 96 648 793 277 823 802 632 248 71 353 452 651 377 351 347 973 19 522 713
0 2
2 3
3 6
3 7
3 8
4 6
4 7
4 8
5 6
5 7
5 8
6 9
7 9
7 10
8 9
8 10
9 11
9 12
10 11
10 12
11 13
11 14
11 15
12 13
12 14
13 16
13 17
14 16
14 17
15 16
15 17
16 18
17 18
17 19
17 20
18 22
18 23
19 21
19 22
20 21
20 22
20 23
21 24
21 25
21 26
22 24
22 25
22 26
23 25
23 26
24 27
24 28
25 27
25 28
26 27
26 28
27 29
27 30
28 31
29 32
30 32
30 33
32 34
32 35
33 34
33 35
34 36
36 37
36 39
37 41
37 42
38 41
38 42
39 40
39 41
39 42
40 43
41 43
42 43
43 44
43 45
43 46
44 47
44 48
45 48
46 47
46 48
47 49
47 50
47 51
48 49
48 50
48 51
49 52
49 53
50 53
50 54
51 52
51 54
52 55
52 56
53 55
54 56
55 57
55 58
56 57
56 58
56 59
57 60
57 61
58 60
58 61
59 60
59 61
60 62
60 63
62 64
62 65
63 64

57 95
0 603 510 175 798 444 68 501 207 641 322 673 574 358 523 179 392 760 106 598 980 451 522 397 413 247 153 924 102 426 753 929 380 614 103 177 409 170 29 615 163 702 639 736 59 161 266 273 724 400 252 174 1 938 520 861 973
0 4
1 3
1 4
1 5
2 3
2 4
2 5
3 6
3 7
3 8
4 6
4 8
5 6
5 8
6 9
7 9
8 9
9 10
10 11
10 12
11 14
11 15
12 13
12 14
12 15
13 16
14 16
14 17
15 16
15 17
17 18
18 19
18 20
19 21
21 23
22 25
22 26
22 27
23 25
23 27
24 26
24 27
25 29
25 30
26 29
27 28
28 31
28 32
29 32
30 31
30 32
31 33
31 35
32 33
32 34
32 35
33 36
33 37
33 38
34 37
34 38
35 36
35 37
35 38
37 39
37 40
38 39
38 40
39 41
39 42
41 43
42 43
43 44
43 45
44 47
44 48
45 47
45 48
45 49
46 47
46 48
47 51
48 50
48 51
49 50
49 51
50 53
51 52
51 53
52 54
52 55
52 56
53 54
53 55
53 56

44 60
0 95 168 375 485 874 672 341 683 473 491 275 827 622 79 811 849 626 701 515 718 531 327 80 213 451 465 730 933 758 371 379 925 97 864 799 120 556 833 593 46 459 771 667
0 2
0 3
1 2
2 4
3 4
4 5
5 6
5 7
6 8
8 9
8 10
9 11
11 12
11 13
14 15
15 17
16 18
16 19
17 18
17 19
18 20
18 21
18 22
19 20
19 22
21 23
22 23
23 24
23 25
23 26
24 27
24 28
25 27
25 28
26 27
26 28
27 30
27 31
28 29
28 30
28 31
29 32
29 33
30 33
31 32
31 33
32 34
32 35
33 34
33 35
34 36
34 37
35 36
35 37
35 38
36 39
37 39
38 39
39 40
40 43

41 60
0 729 953 794 45 224 116 854 963 579 567 38 830 648 688 539 541 250 649 138 177 657 864 870 51 252 496 94 429 806 979 886 816 772 282 392 239 487 354 170 53
0 3
0 4
1 4
2 3
2 4
3 5
3 6
3 7
4 5
4 6
4 7
6 8
7 8
8 9
9 11
10 11
12 13
12 14
13 15
14 15
15 17
15 18
16 19
16 20
17 20
18 20
19 21
19 22
19 23
20 21
20 22
20 23
21 24
21 25
22 24
22 25
22 26
23 24
23 25
23 26
24 28
25 27
25 28
26 27
27 29
27 30
28 29
28 30
29 31
29 32
31 33
31 34
32 33
32 34
33 35
34 35
36 38
37 40
38 40
39 40

44 75
0 420 471 62 280 25 243 534 609 326 403 708 800 796 214 505 755 202 223 296 690 818 52 538 744 969 256 358 746 933 76 165 404 489 444 780 84 329 388 761 83 447 560 230
0 3
4 5
4 6
5 7
6 7
7 8
8 10
9 10
10 11
10 12
11 14
11 15
12 13
12 14
12 15
13 16
14 16
15 16
16 18
16 19
17 18
17 19
18 20
18 21
19 20
19 21
20 22
20 23
20 24
21 23
21 24
22 25
22 26
23 25
23 26
24 25
24 26
25 27
25 28
25 29
26 27
26 29
27 30
27 31
27 32
28 30
28 31
28 32
29 30
29 31
30 33
30 35
31 33
31 34
31 35
32 33
32 34
32 35
33 37
34 36
34 37
34 38
35 36
35 37
36 39
36 40
37 39
37 40
38 39
38 40
39 41
39 42
39 43
40 41
40 42

45 65
0 17 177 846 403 735 192 897 828 430 576 784 344 202 392 503 391 2 706 363 85 736 255 341 709 162 686 370 618 883 224 555 899 400 654 486 591 550 314 20 125 449 716 678 840
0 1
0 2
0 3
1 4
2 5
3 4
3 5
3 6
4 7
5 7
7 8
7 9
8 11
8 12
9 10
9 11
9 12
10 13
10 14
11 14
12 13
12 14
13 15
14 15
15 16
16 17
16 18
16 19
17 20
18 20
20 21
21 22
21 23
22 24
23 24
24 25
24 26
25 28
25 29
26 28
26 29
27 29
28 30
30 31
31 33
31 34
31 35
32 33
32 34
33 37
34 36
34 37
35 36
35 37
36 38
36 39
37 38
37 39
38 40
39 40
39 41
40 43
40 44
41 42
41 43

38 49
0 452 145 494 197 551 748 789 217 422 999 984 791 608 833 921 3 381 531 436 988 116 424 543 44 742 538 434 916 414 890 6 35 851 765 937 599 905
0 3
1 3
1 4
2 4
3 5
4 5
5 6
5 8
6 9
7 9
8 9
9 10
10 11
10 12
11 14
12 14
12 15
13 14
13 15
15 16
16 17
17 19
18 21
18 22
18 23
19 22
20 21
20 22
21 24
21 25
22 24
22 25
23 25
24 27
25 26
25 27
26 28
27 28
28 29
29 30
29 31
30 32
31 32
32 33
32 34
32 35
33 36
34 36
35 36

48 58
0 436 942 875 149 862 168 531 879 868 757 936 97 450 291 639 776 366 733 220 774 184 671 984 448 703 303 883 863 940 597 299 233 471 447 94 990 330 324 857 86 259 305 888 549 944 15 266
1 2
1 3
2 4
2 5
3 4
4 6
4 7
5 6
5 7
6 8
7 8
9 13
9 14
10 12
10 14
11 12
11 13
11 14
12 15
15 16
15 17
16 18
16 19
17 18
17 19
18 20
20 21
21 22
22 25
23 24
23 25
25 26
25 27
27 28
28 29
28 30
28 31
29 32
29 33
30 32
30 33
31 32
32 35
33 35
34 35
35 38
36 39
36 40
37 39
38 39
39 41
40 41
40 42
42 43
43 44
44 45
44 46
46 47

67 120
0 981 317 74 495 556 869 90 999 238 205 184 711 323 787 949 592 665 285 367 849 799 696 725 805 433 614 190 824 82 289 382 62 957 455 908 513 998 511 913 202 694 623 876 833 572 468 497 208 186 345 6 233 422 810 17 35 841 287 222 881 596 29 788 108 703 785
0 2
0 3
1 2
1 3
2 4
2 5
3 4
5 7
6 8
6 9
7 8
7 9
8 10
8 11
9 10
9 11
10 12
10 13
10 14
11 12
11 13
11 14
12 17
13 15
13 16
13 17
14 15
14 16
14 17
15 18
15 19
16 18
17 18
17 19
18 20
18 21
19 20
19 21
20 22
21 22
22 23
22 24
23 25
24 25
25 26
26 27
26 28
26 29
27 30
27 32
28 31
28 32
29 30
29 31
30 34
30 35
31 33
31 34
32 33
32 34
32 35
34 36
34 37
35 36
35 37
35 38
36 40
36 41
37 40
38 39
38 40
38 41
39 42
39 43
40 42
40 44
41 42
41 43
41 44
43 45
44 45
45 47
46 48
46 49
46 50
47 48
47 49
47 50
48 51
48 52
48 53
49 51
49 52
49 53
50 51
50 52
50 53
51 54
51 55
52 54
52 55
53 54
54 57
55 56
55 57
56 58
57 58
58 59
58 60
58 61
59 62
60 62
60 63
61 62
61 63
62 64
62 65
62 66
63 64
63 66
