1
64 107
 0 1 2 3 4 5 6 7 8 9 10 11 12 13 14 15 16 17 18 19 20 21 22 23 24 25 26 27 28 29 30 31 32 33 34 35 36 37 38 39 40 41 42 43 44 45 46 47 48 49 50 51 52 53 54 55 56 57 58 59 60 61 62 63
0 3
0 4
0 5
1 3
1 4
1 5
2 3
2 4
2 5
3 6
3 7
3 8
4 6
4 7
4 8
5 7
5 8
6 9
6 11
7 9
7 10
8 10
8 11
9 12
9 13
10 12
10 13
11 12
11 13
12 14
12 16
13 16
14 18
16 17
16 18
17 19
17 20
18 19
18 21
20 22
21 22
22 23
23 24
24 25
24 26
24 27
25 28
26 28
27 28
28 30
28 31
29 32
29 33
30 32
30 34
31 32
31 33
31 34
32 35
33 35
33 36
34 35
35 37
37 38
37 39
37 40
38 41
38 42
38 43
39 42
40 41
40 42
40 43
41 44
41 45
42 44
42 45
43 44
43 45
43 46
44 48
45 47
46 47
46 48
47 49
47 50
48 49
48 50
49 51
49 52
50 51
50 52
51 53
51 54
52 53
53 56
53 57
54 56
54 57
55 58
56 58
57 58
58 60
59 62
59 63
60 61
60 62
