1
40 328
 0 1 2 3 4 5 6 7 8 9 10 11 12 13 14 15 16 17 18 19 20 21 22 23 24 25 26 27 28 29 30 31 32 33 34 35 36 37 38 39
0 7
0 8
0 13
0 14
1 8
1 9
1 11
1 12
2 8
2 10
2 14
3 6
3 10
3 11
3 14
3 15
4 9
4 11
4 14
5 6
5 7
5 8
5 9
5 12
5 14
5 15
0 16
0 17
0 18
0 20
0 21
0 22
0 24
1 19
1 24
1 25
2 16
2 17
2 18
2 19
2 21
2 23
2 24
3 17
3 24
4 16
4 22
4 24
4 25
5 20
5 21
5 22
5 23
5 24
6 19
6 20
6 21
7 16
7 19
7 20
7 21
7 22
8 16
8 19
8 22
8 23
8 25
9 16
9 17
9 18
9 19
9 20
9 21
9 22
10 16
10 18
10 19
10 20
10 23
11 17
11 18
11 19
11 24
12 16
12 17
12 21
12 24
12 25
13 16
13 17
13 18
13 19
13 20
13 24
13 25
14 17
14 18
14 19
14 21
14 22
14 23
14 24
14 25
15 18
15 19
15 20
15 24
0 26
0 29
0 31
0 32
1 30
1 31
2 27
2 29
2 30
2 32
3 28
3 31
3 32
4 27
4 30
4 31
4 32
5 26
5 27
5 29
5 30
5 31
5 32
6 26
6 27
6 31
6 32
7 26
7 27
7 29
7 30
8 28
8 29
9 26
9 28
9 30
10 26
10 27
10 28
10 29
11 29
11 32
12 27
12 29
12 32
13 26
13 27
13 30
13 31
14 29
14 30
14 31
14 32
15 26
15 27
15 28
15 31
16 27
16 28
16 29
16 30
16 31
16 32
17 26
17 27
17 28
17 32
18 27
18 28
18 30
19 28
19 29
19 30
19 32
20 30
20 31
21 26
21 29
22 26
22 27
22 28
22 29
22 30
22 31
22 32
23 26
23 27
23 28
23 32
24 28
24 29
24 31
25 26
25 27
25 28
25 29
25 30
25 32
0 33
0 34
0 36
0 38
0 39
1 33
1 34
1 35
1 36
1 38
2 33
2 36
2 37
2 38
3 36
3 37
4 33
4 34
4 36
4 38
4 39
5 35
5 37
5 38
6 33
6 37
6 39
7 33
7 34
7 36
8 33
8 37
9 34
9 35
9 38
9 39
10 34
10 36
10 37
10 39
11 33
11 36
11 37
11 38
11 39
12 34
12 35
12 36
12 37
12 38
12 39
13 33
13 37
13 38
13 39
14 36
14 37
15 35
15 37
16 33
16 35
16 36
16 37
16 38
16 39
17 35
17 37
17 38
18 33
18 34
18 35
18 36
18 38
18 39
19 34
19 37
20 34
20 35
20 39
21 33
21 35
21 36
21 37
21 38
21 39
22 34
22 37
22 38
23 38
23 39
24 33
24 36
24 38
24 39
25 33
25 34
25 35
25 36
25 38
25 39
26 34
26 35
26 37
26 38
27 34
27 37
28 36
28 38
28 39
29 34
29 36
29 37
29 38
30 34
30 35
30 36
30 37
30 38
31 33
31 34
31 37
32 36
32 38
