2889 4000 4000 4000 4000 4000 4000 4000 4000 4000
2889 4000 4000 4000 4000 4000 4000 4000 4000 3996
2889 4000 4000 4000 4000 4000 4000 4000 3999 3993
2889 4000 4000 4000 4000 4000 4000 3999 3999 3990
2889 4000 4000 4000 4000 4000 3999 3999 3999 3987
2889 4000 4000 4000 4000 3999 3999 3999 3999 3984
192 301 300 300 300 300 300 300 300 300
189 300 300 300 300 300 300 300 300 300
189 300 300 300 300 300 300 300 300 297
192 301 300 300 300 300 300 300 300 300
343 689 389 349 344 343 343 343 343 343
