50
93
13 373 130 279 331 195 22 426 1 324 168 421 291 316 381 209 207 146 493 426 365 199 491 476 378 116 148 255 372 485 148 385 358 131 17 189 326 39 116 180 215 284 101 7 452 334 68 11 480 413 289 198 113 281 174 343 397 174 451 269 159 99 7 369 82 24 59 409 63 27 441 279 163 42 138 115 228 58 126 60 471 416 258 84 49 284 280 446 458 231 68 469 182
75
339 265 99 398 174 14 425 467 145 88 9 135 55 89 193 33 149 165 449 408 101 350 192 381 297 3 112 365 472 147 292 311 412 391 61 438 257 338 405 403 278 266 38 333 355 84 367 4 101 168 264 202 19 309 436 168 312 400 385 136 47 177 300 459 68 361 397 177 52 154 80 330 420 471 16
75
55 235 132 156 403 396 210 274 57 498 294 221 399 179 358 298 356 10 110 276 371 359 454 275 14 386 106 434 209 474 62 264 209 194 272 464 442 335 239 0 333 385 73 84 65 431 383 273 441 493 50 165 204 356 292 218 94 398 153 304 372 67 68 433 261 193 398 203 28 489 55 361 374 129 298
39
412 181 65 206 26 115 223 82 323 15 301 417 266 306 221 490 373 142 424 134 335 322 189 215 163 97 428 37 226 226 329 490 259 394 196 137 361 271 220
84
287 21 453 53 327 175 43 52 169 319 38 356 493 227 71 156 176 499 194 402 78 375 245 337 269 293 327 482 65 47 166 352 420 471 257 99 498 152 151 167 472 189 23 465 268 446 474 445 298 20 199 376 395 444 65 16 238 392 498 155 291 16 359 211 487 116 310 486 120 461 5 92 2 29 410 271 327 384 216 477 404 267 353 151
12
271 167 302 15 165 309 307 33 168 18 20 136
29
358 256 142 364 201 145 245 111 416 72 347 484 50 103 251 255 106 315 378 273 469 394 290 278 201 323 446 71 195
82
252 54 191 395 418 392 392 163 355 308 87 54 144 137 157 247 245 115 63 123 388 32 17 30 163 70 205 461 494 400 396 246 454 87 493 224 479 385 387 186 45 475 240 41 464 249 289 209 364 204 185 104 88 54 134 251 477 191 213 471 91 109 69 398 196 415 122 27 152 362 65 50 189 305 91 153 406 232 215 270 436 400
26
25 454 212 128 283 403 341 254 346 450 176 244 498 91 219 377 95 81 442 145 270 99 89 275 5 321
90
127 110 242 353 135 49 65 263 332 468 457 439 315 259 115 411 110 58 130 487 153 63 282 151 185 381 240 461 239 413 303 366 23 398 72 10 447 137 126 131 458 83 70 125 342 37 36 304 95 19 292 101 434 426 252 120 159 344 433 398 257 236 265 281 134 189 143 433 326 269 65 136 352 487 261 47 25 150 351 472 21 495 425 455 421 177 427 81 373 360
31
131 449 448 264 435 137 407 221 464 29 286 100 233 273 214 280 150 364 484 123 385 331 48 192 253 78 120 186 303 332 17
34
281 466 50 69 103 310 290 419 339 428 372 72 53 86 205 204 302 189 179 187 20 79 231 125 9 351 163 313 184 33 99 317 351 150
86
454 460 28 226 151 456 98 223 10 36 280 66 338 469 245 377 342 324 108 319 186 312 335 499 496 368 98 165 219 100 404 25 412 432 251 63 389 201 139 251 89 419 317 279 241 62 156 83 238 117 254 424 429 89 275 277 309 374 442 28 474 198 54 239 131 157 302 20 211 293 271 152 213 88 432 454 2 88 389 92 57 495 369 486 437 144
15
246 18 410 127 345 108 33 84 239 190 238 111 253 32 234
6
97 174 338 51 176 278
92
121 336 287 490 174 224 134 142 323 5 52 450 202 12 483 138 104 25 376 215 131 260 302 37 357 476 227 260 5 357 404 126 45 44 468 72 120 102 214 443 107 118 393 161 130 228 299 234 254 28 302 385 288 456 274 498 284 353 110 289 210 15 267 256 59 235 328 179 190 394 475 149 12 220 311 494 449 110 81 55 138 235 292 279 191 418 129 475 271 91 117 333
6
236 89 17 324 269 49
14
163 376 15 27 96 326 22 45 289 103 452 279 338 96
58
381 14 39 356 137 131 325 471 89 62 60 459 386 182 8 252 197 384 267 225 332 446 99 230 235 202 182 14 392 279 425 273 145 316 481 283 447 307 254 37 221 166 348 107 348 356 211 398 92 478 123 424 424 74 154 11 276 189
78
20 320 303 145 465 119 126 248 419 285 2 308 6 21 156 465 369 364 28 119 456 359 94 232 135 168 239 147 296 280 25 316 100 180 313 65 299 440 166 218 77 168 378 436 189 34 253 411 398 282 30 206 141 477 291 276 145 382 275 442 162 300 110 262 332 424 179 132 216 345 202 293 366 81 81 55 467 335
18
218 469 201 424 462 178 67 238 323 449 366 117 111 18 228 225 351 4
5
335 220 250 37 365
16
470 447 24 290 134 194 8 103 395 284 65 425 352 155 101 153
21
218 117 392 298 194 243 302 99 78 374 202 467 240 170 290 187 46 80 173 241 440
76
488 224 193 414 428 348 15 82 222 85 51 114 384 245 357 186 345 287 61 399 254 153 421 396 192 468 476 365 61 416 493 49 493 186 315 421 34 330 355 108 416 406 222 152 152 431 338 349 218 251 100 325 404 21 221 96 489 50 313 402 318 306 452 311 492 267 233 379 450 88 487 218 347 210 370 499
93
60 200 64 164 300 389 420 321 462 17 163 364 182 65 183 489 369 346 333 489 431 212 291 20 200 9 219 262 231 218 255 143 418 319 307 70 60 228 391 375 97 406 239 279 472 422 120 341 269 454 182 200 166 473 72 218 334 291 480 65 361 88 209 131 259 368 201 172 96 445 47 45 351 286 325 323 61 445 17 330 251 51 382 418 25 307 488 359 450 321 277 312 409
86
295 20 206 349 192 303 294 239 348 145 378 25 321 439 323 190 269 74 241 3 344 118 310 333 330 261 154 107 425 415 445 72 287 151 421 332 306 67 71 155 65 301 180 238 240 355 428 361 430 21 365 126 492 27 459 322 140 465 429 417 232 374 490 20 377 263 352 184 183 275 339 248 429 371 486 169 79 266 31 9 139 248 487 131 275 447
53
268 264 234 185 349 460 27 221 338 143 425 22 326 200 213 426 129 436 412 151 15 30 182 376 21 282 364 5 409 163 458 177 427 45 363 128 5 242 349 195 385 274 217 211 327 282 137 308 219 401 459 234 283
93
111 305 275 327 310 185 490 120 362 269 165 77 398 23 320 247 218 57 22 288 269 201 70 258 9 289 12 469 376 295 314 487 100 442 166 262 127 156 235 341 425 252 271 175 275 443 423 346 0 297 134 121 498 204 380 359 494 392 180 222 187 495 209 140 437 375 254 416 383 489 109 160 242 380 336 369 323 111 215 324 408 349 445 258 406 177 117 252 69 150 474 109 145
35
101 434 262 207 202 145 197 311 305 291 192 141 160 15 252 376 191 12 77 137 122 483 314 92 235 236 242 61 345 239 96 298 25 358 5
27
3 54 38 161 345 82 154 6 98 259 234 141 123 163 130 246 499 445 338 86 33 432 148 230 23 244 28
48
455 385 127 310 440 165 471 285 100 478 143 50 237 229 191 212 245 322 458 244 119 148 330 152 432 330 234 455 427 262 355 382 499 482 192 439 0 16 77 100 346 72 150 435 154 341 147 399
15
458 143 134 106 325 138 391 8 372 346 435 486 202 317 486
84
361 277 36 229 354 136 75 279 286 10 433 480 158 332 495 116 327 130 74 4 120 465 12 493 164 299 331 366 468 317 402 330 447 439 411 153 427 487 432 214 349 217 194 359 401 189 475 80 171 402 85 292 219 449 137 383 101 468 249 69 138 4 251 85 295 163 238 222 150 23 288 351 240 482 211 142 24 186 222 47 440 159 191 160
61
328 43 62 149 145 131 287 1 383 372 296 398 462 370 400 485 159 251 226 493 462 220 369 1 442 269 441 454 460 453 415 141 497 477 290 494 460 77 495 195 301 143 93 263 13 493 249 24 97 327 370 59 47 239 60 489 8 2 295 469 455
10
462 304 39 252 298 0 329 145 47 482
88
493 245 154 338 346 30 435 173 400 495 220 140 55 62 0 409 357 321 217 420 283 373 459 35 24 311 216 169 211 198 310 204 296 316 394 142 346 330 316 99 177 388 91 84 302 91 346 12 413 63 284 48 288 243 436 312 407 152 334 118 203 496 322 499 164 216 141 362 398 309 461 75 50 52 160 204 496 358 68 261 421 352 309 61 96 245 226 3
50
412 121 453 408 295 452 424 363 445 286 114 107 100 189 9 152 201 213 0 59 282 261 332 134 71 246 82 168 472 85 418 384 58 223 144 205 27 68 421 325 206 35 432 306 224 441 311 278 6 311
89
288 425 374 275 348 120 357 16 92 295 287 328 353 10 324 411 390 244 332 215 450 367 499 109 443 440 272 221 298 435 263 87 360 137 214 208 257 71 77 201 366 364 381 72 226 205 483 468 449 315 183 399 34 182 360 477 474 132 51 273 68 166 360 428 303 74 489 412 497 66 113 216 282 494 288 360 51 123 329 0 290 12 251 324 47 112 153 21 96
4
294 164 370 6
45
25 432 286 437 282 204 402 498 486 248 286 198 299 261 27 299 51 392 51 375 291 15 28 312 111 85 459 128 307 317 425 185 102 63 122 384 267 377 234 253 477 20 451 277 281
31
428 184 223 331 59 14 346 439 178 310 376 489 290 36 307 67 221 261 130 195 145 397 424 231 2 402 251 305 179 384 136
7
68 211 291 479 77 489 270
8
151 147 97 293 35 256 360 256
17
342 303 14 91 228 245 445 130 348 251 309 84 239 268 4 303 411
83
380 401 106 340 52 105 438 346 140 194 58 248 212 253 51 78 344 279 324 142 409 24 393 70 109 484 191 113 287 102 449 20 3 55 360 408 160 150 106 152 345 164 400 409 269 451 487 114 231 163 108 492 40 353 63 149 337 106 114 477 208 63 349 64 470 209 324 482 212 430 134 57 446 386 318 216 338 157 182 421 173 290 265
13
143 180 362 332 286 476 309 347 392 158 263 214 220
87
197 432 17 183 341 315 70 159 31 260 168 65 33 341 355 298 54 350 479 268 183 117 97 344 316 489 355 79 203 427 166 252 211 35 436 52 203 358 63 234 118 231 152 3 425 359 301 479 210 132 248 245 102 345 441 418 186 296 498 241 75 16 494 286 404 282 190 107 492 253 193 462 337 345 465 262 205 266 93 267 251 341 364 205 38 305 123
24
454 473 466 381 490 312 168 394 446 358 353 438 464 46 400 153 392 365 267 449 483 360 68 86
2
432 291
