    8
    115 104
    126 26
    125 81
    35 110
    20 128
    138 74
    106 44
    117 118
    8
    144 135
    18 58
    94 112
    37 111
    90 9
    85 95
    67 9
    73 43
    8
    8 107
    0 38
    68 144
    102 37
    55 84
    41 111
    77 108
    27 123
    8
    106 95
    110 97
    88 109
    128 26
    11 33
    26 41
    126 141
    19 75
    8
    25 45
    58 58
    13 145
    21 0
    29 108
    71 67
    112 104
    70 98
    8
    90 84
    90 141
    7 51
    34 12
    139 8
    109 150
    150 141
    112 6
    0

