999999443
999999434
999999344
999994943
999994934
999994493
999994439
999994394
999994349
999993944
999993494
999993449
999949943
999949934
999949493
999949439
999949394
999949349
999944993
999944939
999944399
999943994
999943949
999943499
999939944
999939494
999939449
999934994
999934949
999934499
999888443
999888434
999888344
999884843
999884834
999884483
999884438
999884384
999884348
999883844
999883484
999883448
999848843
999848834
999848483
999848438
999848384
999848348
999844883
999844838
999844388
999843884
999843848
999843488
999838844
999838484
999838448
999834884
999834848
999834488
999777443
999777434
999777344
999774743
999774734
999774473
999774437
999774374
999774347
999773744
999773474
999773447
999747743
999747734
999747473
999747437
999747374
999747347
999744773
999744737
999744377
999743774
999743747
999743477
999737744
999737474
999737447
999734774
999734747
999734477
999666443
999666434
999666344
999664643
999664634
999664463
999664436
999664364
999664346
999663644
999663464
999663446
999646643
999646634
999646463
999646436
999646364
999646346
999644663
999644636
999644366
999643664
999643646
999643466
999636644
999636464
999636446
999634664
999634646
999634466
999555443
999555434
999555344
999554543
999554534
999554453
999554435
999554354
999554345
999553544
999553454
999553445
999545543
999545534
999545453
999545435
999545354
999545345
999544553
999544535
999544355
999543554
999543545
999543455
999535544
999535454
999535445
999534554
999534545
999534455
999499943
999499934
999499493
999499439
999499394
999499349
999494993
999494939
999494399
999493994
999493949
999493499
999488843
999488834
999488483
999488438
999488384
999488348
999484883
999484838
999484388
999483884
999483848
999483488
999477743
999477734
999477473
999477437
999477374
999477347
999474773
999474737
999474377
999473774
999473747
999473477
999466643
999466634
999466463
999466436
999466364
999466346
999464663
999464636
999464366
999463664
999463646
999463466
999455543
999455534
999455453
999455435
999455354
999455345
999454553
999454535
999454355
999453554
999453545
999453455
999449993
999449939
999449399
999448883
999448838
999448388
999447773
999447737
999447377
999446663
999446636
999446366
999445553
999445535
999445355
999444443
999444434
999444344
999443999
999443888
999443777
999443666
999443555
999443444
999439994
999439949
999439499
999438884
999438848
999438488
999437774
999437747
999437477
999436664
999436646
999436466
999435554
999435545
999435455
999434999
999434888
999434777
999434666
999434555
999434444
999399944
999399494
999399449
999394994
999394949
999394499
999388844
999388484
999388448
999384884
999384848
999384488
999377744
999377474
999377447
999374774
999374747
999374477
999366644
999366464
999366446
999364664
999364646
999364466
999355544
999355454
999355445
999354554
999354545
999354455
999349994
999349949
999349499
999348884
999348848
999348488
999347774
999347747
999347477
999346664
999346646
999346466
999345554
999345545
999345455
999344999
999344888
999344777
999344666
999344555
999344444
998988443
998988434
998988344
998984843
998984834
998984483
998984438
998984384
998984348
998983844
998983484
998983448
998948843
998948834
998948483
998948438
998948384
998948348
998944883
998944838
998944388
998943884
998943848
998943488
998938844
998938484
998938448
998934884
998934848
998934488
998898443
998898434
998898344
998894843
998894834
998894483
998894438
998894384
998894348
998893844
998893484
998893448
998889443
998889434
998889344
998884943
998884934
998884493
998884439
998884394
998884349
998883944
998883494
998883449
998849843
998849834
998849483
998849438
998849384
998849348
998848943
998848934
998848493
998848439
998848394
998848349
998844983
998844938
998844893
998844839
998844398
998844389
998843984
998843948
998843894
998843849
998843498
998843489
998839844
998839484
998839448
998838944
998838494
998838449
998834984
998834948
998834894
998834849
998834498
998834489
998498843
998498834
998498483
998498438
998498384
998498348
998494883
998494838
998494388
998493884
998493848
998493488
998489843
998489834
998489483
998489438
998489384
998489348
998488943
998488934
998488493
998488439
998488394
998488349
998484983
998484938
998484893
998484839
998484398
998484389
998483984
998483948
998483894
998483849
998483498
998483489
998449883
998449838
998449388
998448983
998448938
998448893
998448839
998448398
998448389
998443988
998443898
998443889
998439884
998439848
998439488
998438984
998438948
998438894
998438849
998438498
998438489
998434988
998434898
998434889
998398844
998398484
998398448
998394884
998394848
998394488
998389844
998389484
998389448
998388944
998388494
998388449
998384984
998384948
998384894
998384849
998384498
998384489
998349884
998349848
998349488
998348984
998348948
998348894
998348849
998348498
998348489
998344988
998344898
998344889
997977443
997977434
997977344
997974743
997974734
997974473
997974437
997974374
997974347
997973744
997973474
997973447
997947743
997947734
997947473
997947437
997947374
997947347
997944773
997944737
997944377
997943774
997943747
997943477
997937744
997937474
997937447
997934774
997934747
997934477
997797443
997797434
997797344
997794743
997794734
997794473
997794437
997794374
997794347
997793744
997793474
997793447
997779443
997779434
997779344
997774943
997774934
997774493
997774439
997774394
997774349
997773944
997773494
997773449
997749743
997749734
997749473
997749437
997749374
997749347
997747943
997747934
997747493
997747439
997747394
997747349
997744973
997744937
997744793
997744739
997744397
997744379
997743974
997743947
997743794
997743749
997743497
997743479
997739744
997739474
997739447
997737944
997737494
997737449
997734974
997734947
997734794
997734749
997734497
997734479
997497743
997497734
997497473
997497437
997497374
997497347
997494773
997494737
997494377
997493774
997493747
997493477
997479743
997479734
997479473
997479437
997479374
997479347
997477943
997477934
997477493
997477439
997477394
997477349
997474973
997474937
997474793
997474739
997474397
997474379
997473974
997473947
997473794
997473749
997473497
997473479
997449773
997449737
997449377
997447973
997447937
997447793
997447739
997447397
997447379
997443977
997443797
997443779
997439774
997439747
997439477
997437974
997437947
997437794
997437749
997437497
997437479
997434977
997434797
997434779
997397744
997397474
997397447
997394774
997394747
997394477
997379744
997379474
997379447
997377944
997377494
997377449
997374974
997374947
997374794
997374749
997374497
997374479
997349774
997349747
997349477
997347974
997347947
997347794
997347749
997347497
997347479
997344977
997344797
997344779
996966443
996966434
996966344
996964643
996964634
996964463
996964436
996964364
996964346
996963644
996963464
996963446
996946643
996946634
996946463
996946436
996946364
996946346
996944663
996944636
996944366
996943664
996943646
996943466
996936644
996936464
996936446
996934664
996934646
996934466
996696443
996696434
996696344
996694643
996694634
996694463
996694436
996694364
996694346
996693644
996693464
996693446
996669443
996669434
996669344
996664943
996664934
996664493
996664439
996664394
996664349
996663944
996663494
996663449
996649643
996649634
996649463
996649436
996649364
996649346
996646943
996646934
996646493
996646439
996646394
996646349
996644963
996644936
996644693
996644639
996644396
996644369
996643964
996643946
996643694
996643649
996643496
996643469
996639644
996639464
996639446
996636944
996636494
996636449
996634964
996634946
996634694
996634649
996634496
996634469
996496643
996496634
996496463
996496436
996496364
996496346
996494663
996494636
996494366
996493664
996493646
996493466
996469643
996469634
996469463
996469436
996469364
996469346
996466943
996466934
996466493
996466439
996466394
996466349
996464963
996464936
996464693
996464639
996464396
996464369
996463964
996463946
996463694
996463649
996463496
996463469
996449663
996449636
996449366
996446963
996446936
996446693
996446639
996446396
996446369
996443966
996443696
996443669
996439664
996439646
996439466
996436964
996436946
996436694
996436649
996436496
996436469
996434966
996434696
996434669
996396644
996396464
996396446
996394664
996394646
996394466
996369644
996369464
996369446
996366944
996366494
996366449
996364964
996364946
996364694
996364649
996364496
996364469
996349664
996349646
996349466
996346964
996346946
996346694
996346649
996346496
996346469
996344966
996344696
996344669
995955443
995955434
995955344
995954543
995954534
995954453
995954435
995954354
995954345
995953544
995953454
995953445
995945543
995945534
995945453
995945435
995945354
995945345
995944553
995944535
995944355
995943554
995943545
995943455
995935544
995935454
995935445
995934554
995934545
995934455
995595443
995595434
995595344
995594543
995594534
995594453
995594435
995594354
995594345
995593544
995593454
995593445
995559443
995559434
995559344
995554943
995554934
995554493
995554439
995554394
995554349
995553944
995553494
995553449
995549543
995549534
995549453
995549435
995549354
995549345
995545943
995545934
995545493
995545439
995545394
995545349
995544953
995544935
995544593
995544539
995544395
995544359
995543954
995543945
995543594
995543549
995543495
995543459
995539544
995539454
995539445
995535944
995535494
995535449
995534954
995534945
995534594
995534549
995534495
995534459
995495543
995495534
995495453
995495435
995495354
995495345
995494553
995494535
995494355
995493554
995493545
995493455
995459543
995459534
995459453
995459435
995459354
995459345
995455943
995455934
995455493
995455439
995455394
995455349
995454953
995454935
995454593
995454539
995454395
995454359
995453954
995453945
995453594
995453549
995453495
995453459
995449553
995449535
995449355
995445953
995445935
995445593
995445539
995445395
995445359
995443955
995443595
995443559
995439554
995439545
995439455
995435954
995435945
995435594
995435549
995435495
995435459
995434955
995434595
995434559
995395544
995395454
995395445
995394554
995394545
995394455
995359544
995359454
995359445
995355944
995355494
995355449
995354954
995354945
995354594
995354549
995354495
995354459
995349554
995349545
995349455
995345954
995345945
995345594
995345549
995345495
995345459
995344955
995344595
995344559
994999943
994999934
994999493
994999439
994999394
994999349
994994993
994994939
994994399
994993994
994993949
994993499
994988843
994988834
994988483
994988438
994988384
994988348
994984883
994984838
994984388
994983884
994983848
994983488
994977743
994977734
994977473
994977437
994977374
994977347
994974773
994974737
994974377
994973774
994973747
994973477
994966643
994966634
994966463
994966436
994966364
994966346
994964663
994964636
994964366
994963664
994963646
994963466
994955543
994955534
994955453
994955435
994955354
994955345
994954553
994954535
994954355
994953554
994953545
994953455
994949993
994949939
994949399
994948883
994948838
994948388
994947773
994947737
994947377
994946663
994946636
994946366
994945553
994945535
994945355
994944443
994944434
994944344
994943999
994943888
994943777
994943666
994943555
994943444
994939994
994939949
994939499
994938884
994938848
994938488
994937774
994937747
994937477
994936664
994936646
994936466
994935554
994935545
994935455
994934999
994934888
994934777
994934666
994934555
994934444
994898843
994898834
994898483
994898438
994898384
994898348
994894883
994894838
994894388
994893884
994893848
994893488
994889843
994889834
994889483
994889438
994889384
994889348
994888943
994888934
994888493
994888439
994888394
994888349
994884983
994884938
994884893
994884839
994884398
994884389
994883984
994883948
994883894
994883849
994883498
994883489
994849883
994849838
994849388
994848983
994848938
994848893
994848839
994848398
994848389
994843988
994843898
994843889
994839884
994839848
994839488
994838984
994838948
994838894
994838849
994838498
994838489
994834988
994834898
994834889
994797743
994797734
994797473
994797437
994797374
994797347
994794773
994794737
994794377
994793774
994793747
994793477
994779743
994779734
994779473
994779437
994779374
994779347
994777943
994777934
994777493
994777439
994777394
994777349
994774973
994774937
994774793
994774739
994774397
994774379
994773974
994773947
994773794
994773749
994773497
994773479
994749773
994749737
994749377
994747973
994747937
994747793
994747739
994747397
994747379
994743977
994743797
994743779
994739774
994739747
994739477
994737974
994737947
994737794
994737749
994737497
994737479
994734977
994734797
994734779
994696643
994696634
994696463
994696436
994696364
994696346
994694663
994694636
994694366
994693664
994693646
994693466
994669643
994669634
994669463
994669436
994669364
994669346
994666943
994666934
994666493
994666439
994666394
994666349
994664963
994664936
994664693
994664639
994664396
994664369
994663964
994663946
994663694
994663649
994663496
994663469
994649663
994649636
994649366
994646963
994646936
994646693
994646639
994646396
994646369
994643966
994643696
994643669
994639664
994639646
994639466
994636964
994636946
994636694
994636649
994636496
994636469
994634966
994634696
994634669
994595543
994595534
994595453
994595435
994595354
994595345
994594553
994594535
994594355
994593554
994593545
994593455
994559543
994559534
994559453
994559435
994559354
994559345
994555943
994555934
994555493
994555439
994555394
994555349
994554953
994554935
994554593
994554539
994554395
994554359
994553954
994553945
994553594
994553549
994553495
994553459
994549553
994549535
994549355
994545953
994545935
994545593
994545539
994545395
994545359
994543955
994543595
994543559
994539554
994539545
994539455
994535954
994535945
994535594
994535549
994535495
994535459
994534955
994534595
994534559
994499993
994499939
994499399
994498883
994498838
994498388
994497773
994497737
994497377
994496663
994496636
994496366
994495553
994495535
994495355
994494443
994494434
994494344
994493999
994493888
994493777
994493666
994493555
994493444
994489883
994489838
994489388
994488983
994488938
994488893
994488839
994488398
994488389
994483988
994483898
994483889
994479773
994479737
994479377
994477973
994477937
994477793
994477739
994477397
994477379
994473977
994473797
994473779
994469663
994469636
994469366
994466963
994466936
994466693
994466639
994466396
994466369
994463966
994463696
994463669
994459553
994459535
994459355
994455953
994455935
994455593
994455539
994455395
994455359
994453955
994453595
994453559
994449443
994449434
994449344
994444943
994444934
994444493
994444439
994444394
994444349
994443944
994443494
994443449
994439999
994439888
994439777
994439666
994439555
994439444
994438988
994438898
994438889
994437977
994437797
994437779
994436966
994436696
994436669
994435955
994435595
994435559
994434944
994434494
994434449
994399994
994399949
994399499
994398884
994398848
994398488
994397774
994397747
994397477
994396664
994396646
994396466
994395554
994395545
994395455
994394999
994394888
994394777
994394666
994394555
994394444
994389884
994389848
994389488
0

