1
2
3
4
5
6
7
8
9
10
11
12
13
14
15
16
17
18
19
20
21
22
23
24
25
26
27
28
29
30
31
32
33
34
35
36
37
38
39
40
41
42
43
44
45
46
47
48
49
50
51
52
53
54
55
56
57
58
59
60
61
62
63
64
65
66
67
68
69
70
71
72
73
74
75
76
77
78
79
80
81
82
83
84
85
86
87
88
89
90
91
92
93
94
95
96
97
98
99
100
101
102
103
104
105
106
107
108
109
110
111
112
113
114
115
116
117
118
119
120
121
122
123
124
125
126
127
128
129
130
131
132
133
134
135
136
137
138
139
140
141
142
143
144
145
146
147
148
149
150
151
152
153
154
155
156
157
158
159
160
161
162
163
164
165
166
167
168
169
170
171
172
173
174
175
176
177
178
179
180
181
182
183
184
185
186
187
188
189
190
191
192
193
194
195
196
197
198
199
200
201
202
203
204
205
206
207
208
209
210
211
212
213
214
215
216
217
218
219
220
221
222
223
224
225
226
227
228
229
230
231
232
233
234
235
236
237
238
239
240
241
242
243
244
245
246
247
248
249
250
251
252
253
254
255
256
257
258
259
260
261
262
263
264
265
266
267
268
269
270
271
272
273
274
275
276
277
278
279
280
281
282
283
284
285
286
287
288
289
290
291
292
293
294
295
296
297
298
299
300
301
302
303
304
305
306
307
308
309
310
311
312
313
314
315
316
317
318
319
320
321
322
323
324
325
326
327
328
329
330
331
332
333
334
335
336
337
338
339
340
341
342
343
344
345
346
347
348
349
350
351
352
353
354
355
356
357
358
359
360
361
362
363
364
365
366
367
368
369
370
371
372
373
374
375
376
377
378
379
380
381
382
383
384
385
386
387
388
389
390
391
392
393
394
395
396
397
398
399
400
401
402
403
404
405
406
407
408
409
410
411
412
413
414
415
416
417
418
419
420
421
422
423
424
425
426
427
428
429
430
431
432
433
434
435
436
437
438
439
440
441
442
443
444
445
446
447
448
449
450
451
452
453
454
455
456
457
458
459
460
461
462
463
464
465
466
467
468
469
470
471
472
473
474
475
476
477
478
479
480
481
482
483
484
485
486
487
488
489
490
491
492
493
494
495
496
497
498
499
500
501
502
503
504
505
506
507
508
509
510
511
512
513
514
515
516
517
518
519
520
521
522
523
524
525
526
527
528
529
530
531
532
533
534
535
536
537
538
539
540
541
542
543
544
545
546
547
548
549
550
551
552
553
554
555
556
557
558
559
560
561
562
563
564
565
566
567
568
569
570
571
572
573
574
575
576
577
578
579
580
581
582
583
584
585
586
587
588
589
590
591
592
593
594
595
596
597
598
599
600
601
602
603
604
605
606
607
608
609
610
611
612
613
614
615
616
617
618
619
620
621
622
623
624
625
626
627
628
629
630
631
632
633
634
635
636
637
638
639
640
641
642
643
644
645
646
647
648
649
650
651
652
653
654
655
656
657
658
659
660
661
662
663
664
665
666
667
668
669
670
671
672
673
674
675
676
677
678
679
680
681
682
683
684
685
686
687
688
689
690
691
692
693
694
695
696
697
698
699
700
701
702
703
704
705
706
707
708
709
710
711
712
713
714
715
716
717
718
719
720
721
722
723
724
725
726
727
728
729
730
731
732
733
734
735
736
737
738
739
740
741
742
743
744
745
746
747
748
749
750
751
752
753
754
755
756
757
758
759
760
761
762
763
764
765
766
767
768
769
770
771
772
773
774
775
776
777
778
779
780
781
782
783
784
785
786
787
788
789
790
791
792
793
794
795
796
797
798
799
800
801
802
803
804
805
806
807
808
809
810
811
812
813
814
815
816
817
818
819
820
821
822
823
824
825
826
827
828
829
830
831
832
833
834
835
836
837
838
839
840
841
842
843
844
845
846
847
848
849
850
851
852
853
854
855
856
857
858
859
860
861
862
863
864
865
866
867
868
869
870
871
872
873
874
875
876
877
878
879
880
881
882
883
884
885
886
887
888
889
890
891
892
893
894
895
896
897
898
899
900
901
902
903
904
905
906
907
908
909
910
911
912
913
914
915
916
917
918
919
920
921
922
923
924
925
926
927
928
929
930
931
932
933
934
935
936
937
938
939
940
941
942
943
944
945
946
947
948
949
950
951
952
953
954
955
956
957
958
959
960
961
962
963
964
965
966
967
968
969
970
971
972
973
974
975
976
977
978
979
980
981
982
983
984
985
986
987
988
989
990
991
992
993
994
995
996
997
998
999
1000
999999000
999999001
999999002
999999003
999999004
999999005
999999006
999999007
999999008
999999009
999999010
999999011
999999012
999999013
999999014
999999015
999999016
999999017
999999018
999999019
999999020
999999021
999999022
999999023
999999024
999999025
999999026
999999027
999999028
999999029
999999030
999999031
999999032
999999033
999999034
999999035
999999036
999999037
999999038
999999039
999999040
999999041
999999042
999999043
999999044
999999045
999999046
999999047
999999048
999999049
999999050
999999051
999999052
999999053
999999054
999999055
999999056
999999057
999999058
999999059
999999060
999999061
999999062
999999063
999999064
999999065
999999066
999999067
999999068
999999069
999999070
999999071
999999072
999999073
999999074
999999075
999999076
999999077
999999078
999999079
999999080
999999081
999999082
999999083
999999084
999999085
999999086
999999087
999999088
999999089
999999090
999999091
999999092
999999093
999999094
999999095
999999096
999999097
999999098
999999099
999999100
999999101
999999102
999999103
999999104
999999105
999999106
999999107
999999108
999999109
999999110
999999111
999999112
999999113
999999114
999999115
999999116
999999117
999999118
999999119
999999120
999999121
999999122
999999123
999999124
999999125
999999126
999999127
999999128
999999129
999999130
999999131
999999132
999999133
999999134
999999135
999999136
999999137
999999138
999999139
999999140
999999141
999999142
999999143
999999144
999999145
999999146
999999147
999999148
999999149
999999150
999999151
999999152
999999153
999999154
999999155
999999156
999999157
999999158
999999159
999999160
999999161
999999162
999999163
999999164
999999165
999999166
999999167
999999168
999999169
999999170
999999171
999999172
999999173
999999174
999999175
999999176
999999177
999999178
999999179
999999180
999999181
999999182
999999183
999999184
999999185
999999186
999999187
999999188
999999189
999999190
999999191
999999192
999999193
999999194
999999195
999999196
999999197
999999198
999999199
999999200
999999201
999999202
999999203
999999204
999999205
999999206
999999207
999999208
999999209
999999210
999999211
999999212
999999213
999999214
999999215
999999216
999999217
999999218
999999219
999999220
999999221
999999222
999999223
999999224
999999225
999999226
999999227
999999228
999999229
999999230
999999231
999999232
999999233
999999234
999999235
999999236
999999237
999999238
999999239
999999240
999999241
999999242
999999243
999999244
999999245
999999246
999999247
999999248
999999249
999999250
999999251
999999252
999999253
999999254
999999255
999999256
999999257
999999258
999999259
999999260
999999261
999999262
999999263
999999264
999999265
999999266
999999267
999999268
999999269
999999270
999999271
999999272
999999273
999999274
999999275
999999276
999999277
999999278
999999279
999999280
999999281
999999282
999999283
999999284
999999285
999999286
999999287
999999288
999999289
999999290
999999291
999999292
999999293
999999294
999999295
999999296
999999297
999999298
999999299
999999300
999999301
999999302
999999303
999999304
999999305
999999306
999999307
999999308
999999309
999999310
999999311
999999312
999999313
999999314
999999315
999999316
999999317
999999318
999999319
999999320
999999321
999999322
999999323
999999324
999999325
999999326
999999327
999999328
999999329
999999330
999999331
999999332
999999333
999999334
999999335
999999336
999999337
999999338
999999339
999999340
999999341
999999342
999999343
999999344
999999345
999999346
999999347
999999348
999999349
999999350
999999351
999999352
999999353
999999354
999999355
999999356
999999357
999999358
999999359
999999360
999999361
999999362
999999363
999999364
999999365
999999366
999999367
999999368
999999369
999999370
999999371
999999372
999999373
999999374
999999375
999999376
999999377
999999378
999999379
999999380
999999381
999999382
999999383
999999384
999999385
999999386
999999387
999999388
999999389
999999390
999999391
999999392
999999393
999999394
999999395
999999396
999999397
999999398
999999399
999999400
999999401
999999402
999999403
999999404
999999405
999999406
999999407
999999408
999999409
999999410
999999411
999999412
999999413
999999414
999999415
999999416
999999417
999999418
999999419
999999420
999999421
999999422
999999423
999999424
999999425
999999426
999999427
999999428
999999429
999999430
999999431
999999432
999999433
999999434
999999435
999999436
999999437
999999438
999999439
999999440
999999441
999999442
999999443
999999444
999999445
999999446
999999447
999999448
999999449
999999450
999999451
999999452
999999453
999999454
999999455
999999456
999999457
999999458
999999459
999999460
999999461
999999462
999999463
999999464
999999465
999999466
999999467
999999468
999999469
999999470
999999471
999999472
999999473
999999474
999999475
999999476
999999477
999999478
999999479
999999480
999999481
999999482
999999483
999999484
999999485
999999486
999999487
999999488
999999489
999999490
999999491
999999492
999999493
999999494
999999495
999999496
999999497
999999498
999999499
999999500
999999501
999999502
999999503
999999504
999999505
999999506
999999507
999999508
999999509
999999510
999999511
999999512
999999513
999999514
999999515
999999516
999999517
999999518
999999519
999999520
999999521
999999522
999999523
999999524
999999525
999999526
999999527
999999528
999999529
999999530
999999531
999999532
999999533
999999534
999999535
999999536
999999537
999999538
999999539
999999540
999999541
999999542
999999543
999999544
999999545
999999546
999999547
999999548
999999549
999999550
999999551
999999552
999999553
999999554
999999555
999999556
999999557
999999558
999999559
999999560
999999561
999999562
999999563
999999564
999999565
999999566
999999567
999999568
999999569
999999570
999999571
999999572
999999573
999999574
999999575
999999576
999999577
999999578
999999579
999999580
999999581
999999582
999999583
999999584
999999585
999999586
999999587
999999588
999999589
999999590
999999591
999999592
999999593
999999594
999999595
999999596
999999597
999999598
999999599
999999600
999999601
999999602
999999603
999999604
999999605
999999606
999999607
999999608
999999609
999999610
999999611
999999612
999999613
999999614
999999615
999999616
999999617
999999618
999999619
999999620
999999621
999999622
999999623
999999624
999999625
999999626
999999627
999999628
999999629
999999630
999999631
999999632
999999633
999999634
999999635
999999636
999999637
999999638
999999639
999999640
999999641
999999642
999999643
999999644
999999645
999999646
999999647
999999648
999999649
999999650
999999651
999999652
999999653
999999654
999999655
999999656
999999657
999999658
999999659
999999660
999999661
999999662
999999663
999999664
999999665
999999666
999999667
999999668
999999669
999999670
999999671
999999672
999999673
999999674
999999675
999999676
999999677
999999678
999999679
999999680
999999681
999999682
999999683
999999684
999999685
999999686
999999687
999999688
999999689
999999690
999999691
999999692
999999693
999999694
999999695
999999696
999999697
999999698
999999699
999999700
999999701
999999702
999999703
999999704
999999705
999999706
999999707
999999708
999999709
999999710
999999711
999999712
999999713
999999714
999999715
999999716
999999717
999999718
999999719
999999720
999999721
999999722
999999723
999999724
999999725
999999726
999999727
999999728
999999729
999999730
999999731
999999732
999999733
999999734
999999735
999999736
999999737
999999738
999999739
999999740
999999741
999999742
999999743
999999744
999999745
999999746
999999747
999999748
999999749
999999750
999999751
999999752
999999753
999999754
999999755
999999756
999999757
999999758
999999759
999999760
999999761
999999762
999999763
999999764
999999765
999999766
999999767
999999768
999999769
999999770
999999771
999999772
999999773
999999774
999999775
999999776
999999777
999999778
999999779
999999780
999999781
999999782
999999783
999999784
999999785
999999786
999999787
999999788
999999789
999999790
999999791
999999792
999999793
999999794
999999795
999999796
999999797
999999798
999999799
999999800
999999801
999999802
999999803
999999804
999999805
999999806
999999807
999999808
999999809
999999810
999999811
999999812
999999813
999999814
999999815
999999816
999999817
999999818
999999819
999999820
999999821
999999822
999999823
999999824
999999825
999999826
999999827
999999828
999999829
999999830
999999831
999999832
999999833
999999834
999999835
999999836
999999837
999999838
999999839
999999840
999999841
999999842
999999843
999999844
999999845
999999846
999999847
999999848
999999849
999999850
999999851
999999852
999999853
999999854
999999855
999999856
999999857
999999858
999999859
999999860
999999861
999999862
999999863
999999864
999999865
999999866
999999867
999999868
999999869
999999870
999999871
999999872
999999873
999999874
999999875
999999876
999999877
999999878
999999879
999999880
999999881
999999882
999999883
999999884
999999885
999999886
999999887
999999888
999999889
999999890
999999891
999999892
999999893
999999894
999999895
999999896
999999897
999999898
999999899
999999900
999999901
999999902
999999903
999999904
999999905
999999906
999999907
999999908
999999909
999999910
999999911
999999912
999999913
999999914
999999915
999999916
999999917
999999918
999999919
999999920
999999921
999999922
999999923
999999924
999999925
999999926
999999927
999999928
999999929
999999930
999999931
999999932
999999933
999999934
999999935
999999936
999999937
999999938
999999939
999999940
999999941
999999942
999999943
999999944
999999945
999999946
999999947
999999948
999999949
999999950
999999951
999999952
999999953
999999954
999999955
999999956
999999957
999999958
999999959
999999960
999999961
999999962
999999963
999999964
999999965
999999966
999999967
999999968
999999969
999999970
999999971
999999972
999999973
999999974
999999975
999999976
999999977
999999978
999999979
999999980
999999981
999999982
999999983
999999984
999999985
999999986
999999987
999999988
999999989
999999990
999999991
999999992
999999993
999999994
999999995
999999996
999999997
999999998
999999999
73535664
42743654
154135155
564292389
813297587
186065617
26702977
64238003
466651159
316578302
625569501
321642522
25454101
599746206
363079218
19295063
181802809
245780465
216616180
169672054
235918
151819717
629361434
522529485
40027987
672338901
116941925
111715374
184801984
151647176
197917125
19072214
13936515
31618503
23956120
107353779
161469766
63831691
597326193
126503162
39722551
191319184
153333036
537423546
24957437
234266109
193068446
195748207
256914672
52938932
150016244
10754562
265385297
81429177
285031143
364377209
147312639
13945962
628114333
502081700
51565688
539675319
9028944
416405150
505399133
158377651
2170118
75138530
40377769
27947556
83101290
130449898
300940590
569926070
392872224
75477727
41164944
769067877
139375656
389497552
282181604
84653465
109354131
472069404
282848701
314655381
6188762
15068355
52186573
58829550
829881713
278853395
864458317
465250976
24545327
43585538
82346971
339350057
229748361
92546546
323700774
290403407
394174926
123854859
843419
390385327
758248970
338109802
271130373
597991056
5698965
42342764
140859255
101068821
871953
262143277
8300048
518064304
578598691
780888266
762575478
617800621
108916427
327579846
584133251
1550835
847067638
545237314
111415872
284416854
382203223
169810281
172243409
250235396
430131039
97188843
118563463
141835568
226565007
66725571
209572980
762452401
842507157
687934965
310243083
34519131
435958739
59030279
115187220
299100366
258089087
280721385
783163010
252766498
750396193
7471330
469399117
203439376
20898573
291172362
720404054
17372647
44884806
244895813
14494749
231909162
116405173
75170830
246154858
6171034
324100715
176194952
257222746
791574665
455984198
61391118
87714784
135754055
9428501
3926552
406721938
81695043
142774986
27784779
910831129
767070808
99874972
96831622
1240963
147851927
42595986
27317123
273893618
158018072
18916681
180747366
246414414
376690920
495532
352615
258627061
353521359
108810666
274025214
226070550
130560928
254686709
219530504
60443375
903341804
28101873
605345464
185234474
746204941
392115032
376243404
210501940
225014830
712811065
444555235
848315776
487414363
588828972
163963347
26160999
222411899
150930397
63335848
641104379
381810195
603246509
756025207
114382937
89477849
77274293
397143081
84041
206174547
171686499
341025099
92578915
49279879
122663375
38328283
1596368
226479577
115801990
514148197
86495300
71717914
969589200
74139195
336003813
317427968
568571794
45662350
754942463
480019891
779686933
404002101
665636448
237897344
26080254
22254280
38742254
123122663
670150265
258206398
771894089
97662895
18163677
256905618
587907571
56821601
25384265
320590412
437789028
221986470
278280721
377513407
5446429
650670441
95864545
208689465
398475183
84133495
533007597
236610714
74859813
180067779
899167556
202591475
11109424
617868596
262161385
29843638
153202469
302017238
31045015
98061546
5086502
18049640
81165227
701617441
199419700
268304628
178712063
315759922
269429125
798935775
301753540
614673040
563817472
108384763
322719099
58372122
273682429
300041768
7619806
881989543
46703348
387693805
111826962
58178882
397561893
439085424
84257155
455566651
118770408
542415618
191102644
454635426
473277531
663583718
57954126
280555309
245600814
338272976
147584843
16221963
15612333
373914512
90480736
450337248
453411333
827255795
43085947
96282387
119000116
173082483
64669677
173067456
190544382
714343242
201780338
75503095
327468197
121345242
441478069
65527386
659299339
33067068
107669086
144643685
167409720
580006836
193638055
260315194
98886843
271862358
438560148
425336187
446316631
260824385
608826095
42927703
122531330
520994242
234002948
430107124
44090078
45669147
194296875
77245723
651000947
117591936
33170087
228651594
216128138
856523311
126417491
41918001
164832210
184529111
74525865
110761708
77466418
903625603
471955088
91224651
84092434
125755447
213446404
297561044
221592183
295600929
45335060
348805935
431816716
65716873
223521601
41860502
69657691
57476982
169836073
416342665
873564444
9698334
362617407
433929237
359641134
88904561
655175846
76393586
967811738
153672164
270682666
639776941
165078190
164397987
337889593
86542519
252305796
589531589
161151329
400668901
394760688
405262030
120783117
124061783
261130713
12619042
78258625
23754818
2945755
321304056
849660840
467534371
559509348
247466252
132747201
730333959
56016450
239275754
559232311
215363564
48546089
43656922
157649541
44788035
566084596
169144980
17044353
550794953
308992275
119220351
248848470
229831315
24749903
329046027
87841111
237118044
37938
69026998
175753127
125418568
125710320
14979584
531249189
208901154
55041187
70534291
379791356
100761976
741222866
172067561
7990017
866350365
559375692
28064048
476344940
215900693
293754829
309578949
138926259
289572762
27612827
824000163
271219274
33987617
96546994
257358209
365979517
645228478
92535738
252303380
436263780
214658004
53873811
229183379
67353718
224033144
70196723
81060213
483408913
198003387
238014074
524643401
79752610
274892407
224368430
514801733
338937393
549291399
637636369
203801872
91903331
99435716
128819576
344711286
52840081
108058042
598307765
291755105
117390293
348688607
50817462
129023613
198080697
460487285
418972231
20374730
296327212
29213613
674450813
6278832
193437219
147459959
176581481
128705653
268006430
247325033
942763404
282027139
158255362
335402047
142613568
3609881
53492490
111854720
276184358
562701911
377807534
49872142
177825493
373353375
302156788
395718563
138663
37600987
134053591
791170860
51748497
419885130
437251719
605547371
63453868
83667032
277018232
157482839
218235437
335845388
85266302
555088934
77738780
164458787
29464456
145664930
339465407
225108229
192779633
747387247
16473653
141331705
22261895
6371892
62536933
142141277
369608109
289405246
578506446
356174527
256162613
119876822
529799972
238661322
529134533
762916082
20455213
290744875
256186644
9816361
373432466
58210060
4370881
44745941
141696508
58238095
99740936
26193126
172643114
16619903
130401576
519464260
56791671
14798264
477254619
241512545
132095556
219263083
199920548
656807584
203937174
589618773
264621096
895116000
130011206
312156335
947067
479751471
408690165
512885324
913436611
187638642
24424873
680407380
71159451
129855418
126541077
759201796
52387504
38862119
1723403
105539948
242111902
1835085
204111467
239646945
132158296
327086506
297313381
19454036
316635853
27535308
289808454
3188736
571536189
57851057
339660429
540627508
307912165
464488524
32163564
9557068
473069543
422823228
444111966
171163972
76000161
30499702
318284933
97636958
505370361
424086670
19889539
281138545
754017911
400086688
33487918
2497146
484445475
267983328
92248209
282154756
375632461
556624747
340795245
6247236
205208517
734498614
333735962
252671628
332207468
580730994
62151562
781162946
315207464
58008788
768031583
104206336
112621950
185554632
583949063
513144483
204255396
47924033
7335310
855070293
94141744
136843745
3296169
312465988
85983696
74463031
108341757
79628435
16864911
78945474
175650128
84289125
376471265
5528511
190557447
2041910
43862255
497747528
198997986
248613700
486414150
331466095
733126956
17866370
266962970
133519597
290048665
191032546
24218090
634456461
427101562
448969117
2100265
11671526
236873907
318645631
386858754
522490773
334264413
229239368
184848180
208226385
50219222
100038758
615309932
93113193
155481329
554913635
483496195
75182711
85502146
75288010
160557439
19376993
214260756
101069604
127736080
263019616
10111617
120346482
121663828
226358896
77542473
88012117
137311207
42299047
48234261
171659461
324558827
185940494
224134271
399837114
91637124
104025249
604443080
6219913
200370423
314881665
38419145
258357077
411917220
142993612
48761269
163146387
420223539
94625740
44040397
332939816
21029156
312307091
238937343
158733001
616286234
19453786
41799126
323760324
289251731
627359529
415185006
335060395
463849406
41566065
82226132
403062640
518407407
802238251
389373126
631396124
326085506
235185853
780966236
239352465
204406587
44856722
126735799
497514828
117879479
94108493
637183420
501495336
220770587
70639011
227686272
32925351
127847807
5541141
132762273
14638922
258002284
518583424
11874295
770302589
92518296
63239056
41205691
3379944
12482365
366025652
410724421
242230157
156417927
10041779
142191276
731176076
272345699
406670880
16521332
79262422
60604042
504442459
919799733
128428241
147217200
587766227
74755770
146927054
352487025
513146796
470751242
116197238
48795976
68542194
141051211
261968613
300573632
71353729
630423974
66666010
168915346
138243621
34290393
245584662
738342285
266614527
67378038
899996410
165411756
393994479
424463755
63192151
172059685
105467998
319555363
152862939
85933037
555612237
164544794
55750526
117170206
100252810
22205905
529604881
170569427
4285178
334548228
90339418
141628623
75068259
222439768
13470893
269120113
98497356
14106566
549291151
105321205
538823237
46535113
435920449
408115025
834453527
705905353
709653067
1099344
488173873
771912918
247879718
5511369
71342902
223288668
482468384
532763877
431422025
196135540
31178112
115186470
907195735
371792759
294792571
351779335
13758211
178068319
993766
683369164
318321105
991291145
130849801
157220511
440701441
2885693
66010746
3669576
10373910
223663001
109950979
627095929
311609248
122890452
84221641
42917757
137213015
363698007
605955255
25729117
129126865
58159871
67000948
116425888
575156503
169391204
46361774
474493062
687332128
20917842
398440023
8197801
379364324
487827885
71006888
358064503
604567157
43078046
431177619
1517439
25614018
54645231
449344773
26402108
378960518
46962775
352337895
133109687
23568394
0
