25

5
1 3
1 1
0
1 5
0

8
2 4 5
2 1 3
0
0
0
1 3
0
1 5

3
2 2 3
1 3
1 1

6
3 4 5 6
3 4 5 6
3 4 5 6
3 1 2 3
4 1 2 3 6
4 1 2 3 5 

6
1 2
2 3 1
1 4
2 1 2
3 1 2 3
1 1

6
2 2 3
1 3
1 1
1 6
1 4
0

8
2 2 4
1 3
1 4
0
3 6 7 8
2 7 8
1 8
0 

10
0
0
0
0
0
0
0
0
0
0

13
2 2 3
2 1 5
4 1 5 7 8
0
4 2 3 6 12
1 5
1 3
2 3 11
1 10
1 9
1 8
1 5
0

13
1 2
2 3 6
2 4 7
1 9
3 6 8 12
1 13
0
2 9 11
0
2 11 12
0
1 13
0

4
3 2 3 4
1 1
1 1
1 1

6
2 3 4
1 5
1 1
1 1
2 2 6
1 5

7
2 2 3
1 1
3 1 7 4
2 7 3
0
0
2 3 4


7
2 2 3
0
0
2 5 7
0
1 7
0

10
2 2 3
0
0
2 5 7
0
1 7
0
0
0
2 8 9

20
2 2 3
2 5 3
1 9
0
1 4
3 9 7 8
1 8
0
1 10
0
2 13 12
2 13 15
1 17
0
0
0
0
2 20 19
1 20
0


10
2 2 3
2 5 3
1 9
0
1 4
3 9 7 8
1 8
0
1 10
0

5
5 2 4 6 8 10
3 1 3 6
0
0
3 1 6 7

10
3 2 3 4
1 6
0
1 5
0
1 9
3 8 9 10
0
1 3
0

20
3 2 3 4
0
0
0
0
0
0
0
0
0
0
0
0
0
0
0
0
0
0
0

4
0
0
1 4
0

4
1 3
1 4
2 1 4
1 1

2
0
0

4
0
2 3 3
2 4 1
1 1

3
0
0
0

