10

200
3 71 81 26
3 140 101 88
0
2 114 38
2 149 187
2 96 44
3 52 156 4
3 140 198 129
2 135 195
2 84 185
2 164 162
0
0
3 20 125 93
3 114 64 34
3 148 129 96
2 132 51
2 22 142
0
0
2 154 49
3 189 33 152
0
3 158 8 126
3 53 11 148
2 196 48
2 76 143
3 8 193 104
3 134 75 83
3 180 131 168
2 164 141
3 110 47 30
3 125 64 121
2 11 189
3 58 4 110
0
3 117 96 92
0
3 166 132 121
2 63 114
2 133 185
2 131 14
0
2 77 180
2 40 168
0
2 123 133
0
2 2 48
2 51 29
2 182 101
3 44 93 178
0
3 115 59 107
2 118 162
0
0
3 148 16 78
0
2 162 196
0
0
0
3 165 24 26
2 124 90
2 168 20
3 144 86 125
2 165 194
0
0
0
0
3 9 95 168
3 8 163 2
2 158 107
0
2 84 137
2 174 31
0
0
0
3 30 173 170
0
3 133 171 8
2 142 17
3 109 66 3
3 19 125 29
2 164 162
3 52 18 86
0
2 30 178
2 11 151
3 157 69 13
3 76 114 68
0
3 177 62 64
3 32 188 180
0
3 141 70 155
3 155 188 151
0
0
0
3 68 143 103
2 155 29
0
2 49 159
0
3 172 192 176
0
3 155 112 186
2 133 92
0
2 80 59
3 149 121 122
0
3 24 55 169
2 17 189
2 127 70
2 98 13
2 101 144
2 12 82
3 96 173 18
2 4 76
2 152 148
0
0
0
3 173 83 9
0
0
3 68 92 193
0
2 148 18
0
2 181 33
2 76 158
3 9 161 163
0
2 110 146
2 24 151
3 106 111 49
0
3 68 172 68
0
3 168 2 27
3 182 12 198
0
3 85 18 81
3 134 145 108
3 80 83 134
0
2 196 187
3 71 6 87
3 191 114 58
2 92 34
2 103 183
2 23 67
2 104 65
0
2 125 172
3 7 57 65
2 52 3
2 123 9
2 13 151
0
0
0
2 55 123
3 37 9 85
3 63 188 120
0
3 196 126 66
0
3 131 149 34
3 162 108 93
3 120 195 25
0
2 32 195
0
0
3 75 27 38
3 166 158 92
3 105 170 19
2 151 101
2 136 185
3 195 30 28
3 24 4 6
2 36 152
3 129 135 5
3 172 94 73
2 138 177
0
3 195 44 9
0
2 97 32
2 91 61
0
0
3 1 162 4

200
3 114 134 117
0
3 175 171 136
2 25 176
2 83 170
2 43 169
3 139 200 108
3 12 105 186
2 57 99
0
3 12 87 65
0
3 39 134 64
3 89 40 13
3 122 134 116
0
0
2 55 101
0
2 64 17
2 63 25
2 64 21
0
3 85 197 79
3 82 94 161
3 133 173 102
0
3 170 121 160
2 175 60
3 10 76 103
3 138 127 5
0
2 191 103
2 187 133
0
0
0
3 142 110 143
2 67 1
3 188 160 139
3 171 73 76
0
0
0
0
0
2 136 200
0
2 136 142
3 194 162 52
3 55 114 107
2 180 107
0
0
0
2 33 189
3 108 34 150
2 169 155
2 56 106
3 197 41 128
0
2 89 123
2 96 188
2 145 167
0
2 38 29
3 70 17 86
3 51 187 196
3 93 76 26
3 63 22 39
3 45 73 31
3 71 126 106
2 70 24
3 28 61 167
0
3 184 127 10
3 65 6 156
3 33 133 156
2 154 146
2 150 171
0
0
3 192 173 168
0
0
0
2 9 25
2 91 160
3 100 97 24
2 4 181
0
2 88 184
2 34 68
0
0
2 58 196
0
2 116 138
3 125 178 187
0
3 77 60 18
2 156 41
0
0
0
2 94 61
2 87 46
3 77 1 11
3 197 87 68
0
3 46 188 153
2 89 163
2 148 132
0
3 173 174 166
0
0
0
3 152 98 4
3 126 4 39
3 152 125 79
2 101 76
3 53 60 195
3 73 94 99
0
3 23 186 67
2 33 78
2 184 127
3 12 52 188
0
2 140 175
0
2 75 168
0
2 179 110
0
2 156 97
3 56 119 49
2 191 81
3 68 65 77
3 28 80 39
2 94 130
3 185 188 30
3 103 108 83
3 106 133 168
3 196 23 24
0
3 14 125 199
3 141 76 84
3 107 123 198
2 52 1
0
3 30 40 94
2 122 106
3 55 25 147
2 199 171
2 47 136
3 46 169 15
0
2 183 179
0
2 179 178
3 115 168 161
0
0
3 76 118 195
2 94 142
3 93 64 81
0
3 155 136 167
0
2 171 104
0
3 35 117 121
3 183 41 79
0
0
2 11 123
2 44 16
0
3 60 183 111
2 133 65
0
2 185 198
0
3 136 165 27
0
2 145 186
2 23 121
2 55 84
2 129 127
0
2 157 183
3 67 85 114
3 123 165 68
2 186 107
2 103 133
3 92 29 195
2 52 115
0

200
0
2 110 138
3 33 185 185
3 166 52 52
2 134 174
3 1 93 133
2 99 35
0
0
3 173 102 150
3 168 104 33
3 165 122 98
0
2 82 115
3 85 166 5
2 139 200
3 183 133 182
2 119 126
3 149 50 41
3 177 161 153
2 30 117
3 127 65 139
3 132 113 197
2 117 15
0
0
3 170 153 119
0
3 196 142 171
0
2 69 125
2 21 85
3 90 118 2
3 8 113 37
2 109 86
0
0
2 56 164
2 160 34
2 183 181
2 153 177
0
0
2 14 194
3 89 83 54
2 188 61
2 177 132
3 62 119 41
0
2 156 127
2 189 171
3 169 108 173
2 179 193
0
3 186 85 32
3 90 25 8
0
2 136 33
2 197 104
0
0
3 44 8 19
3 130 39 153
2 11 50
3 155 198 158
2 35 141
0
0
2 71 178
0
3 162 142 154
0
3 35 198 74
3 169 58 124
2 10 113
2 59 79
3 57 37 167
0
0
2 166 46
2 95 92
2 57 33
0
0
0
2 71 88
2 191 145
3 149 154 76
0
0
3 191 21 143
0
3 23 188 180
3 88 75 159
3 131 144 158
2 6 4
3 93 196 15
2 159 163
2 187 31
2 93 174
2 35 131
0
0
0
3 77 109 194
2 55 124
0
3 78 135 167
2 179 162
0
2 120 184
0
0
3 14 150 187
2 184 69
3 145 90 198
2 199 191
3 53 66 89
2 96 175
0
0
2 143 170
0
2 153 132
3 119 98 21
3 37 157 78
0
0
3 65 73 165
2 79 169
0
0
3 72 94 165
0
2 107 190
2 121 95
2 192 165
0
3 21 39 120
3 105 172 17
2 44 133
2 75 102
3 193 37 127
0
2 147 84
2 88 106
0
0
3 75 98 61
2 71 99
0
3 155 82 88
3 125 173 107
3 74 162 192
3 88 29 63
3 113 123 25
3 54 111 28
3 8 88 119
3 138 28 102
2 109 141
2 186 113
3 184 138 138
3 200 25 156
2 162 20
2 187 37
0
2 16 70
0
0
2 38 192
3 91 83 76
3 2 61 96
2 196 33
3 123 32 92
2 46 54
3 181 192 37
3 40 52 39
2 106 84
2 145 126
2 20 109
0
3 4 62 27
3 177 101 172
0
0
2 73 178
0
3 166 119 55
0
2 102 74
0
2 122 183
3 53 154 123
3 185 78 149
2 17 77
3 188 145 193
2 169 123
0
0
0

200
2 191 57
0
2 82 121
2 103 195
3 56 69 95
2 98 44
2 114 120
0
2 16 10
0
3 132 65 121
3 39 111 28
0
3 109 42 87
3 145 81 71
2 101 118
0
2 113 146
3 32 163 68
2 124 29
0
3 45 8 179
0
0
2 157 24
2 198 62
2 94 94
0
0
3 21 189 143
2 86 6
3 200 73 68
3 53 3 130
0
3 108 181 31
3 89 7 83
2 68 116
0
3 19 129 107
2 69 50
0
3 7 144 105
0
2 27 84
0
3 181 78 16
2 109 81
0
2 115 38
0
0
0
0
2 1 106
0
3 107 171 126
3 114 30 143
3 9 26 41
3 158 119 180
2 179 12
2 197 78
3 82 59 180
3 11 181 138
2 1 196
0
2 108 189
0
2 65 116
3 105 80 137
0
3 159 105 175
2 101 53
0
2 111 19
0
3 199 56 26
0
3 100 77 110
2 185 111
2 100 42
2 132 179
3 143 137 88
2 116 140
3 107 26 184
2 192 104
0
3 81 25 49
3 54 158 68
0
0
3 137 62 28
3 192 162 162
2 1 31
3 141 151 54
0
3 130 110 190
3 60 22 180
2 2 33
2 22 22
3 193 111 4
0
0
3 133 44 75
2 74 22
0
3 27 143 62
0
0
0
0
0
2 90 124
0
3 93 199 96
3 191 6 38
3 88 32 94
0
0
0
2 31 4
0
3 99 192 164
0
2 74 69
0
2 144 195
2 37 193
2 23 135
2 60 96
2 43 141
2 53 120
0
2 75 193
3 125 185 55
3 130 129 199
2 44 143
2 33 131
2 69 153
0
0
2 66 192
3 159 51 58
3 65 93 56
3 136 181 146
2 111 75
3 109 174 65
3 66 49 133
3 118 37 73
2 200 91
3 158 49 174
2 78 191
0
3 152 194 65
2 136 175
3 5 36 48
3 38 114 70
2 168 187
0
2 119 111
3 42 68 178
2 34 7
0
0
2 60 38
2 60 125
0
0
3 118 134 103
0
3 172 29 166
2 188 6
0
3 135 70 117
0
0
2 71 97
2 114 156
3 70 168 60
3 102 141 21
2 195 127
3 167 156 199
2 95 4
3 144 91 126
0
2 65 113
3 161 11 91
0
0
2 36 157
0
3 50 187 123
0
3 156 162 20
3 38 66 110
2 161 200
3 172 106 36
2 83 148
3 125 16 144
2 51 100
3 139 149 140

200
2 145 4
2 106 176
2 96 41
3 141 154 136
0
2 42 99
3 76 46 111
0
0
3 139 64 106
0
3 54 183 64
0
0
3 56 113 107
3 106 91 91
3 178 154 87
3 52 200 46
2 62 197
2 116 87
2 130 80
3 112 95 176
2 79 183
2 185 133
2 27 175
2 4 129
2 175 132
0
0
2 80 169
3 147 55 25
3 185 56 145
0
0
0
3 181 54 163
2 138 133
3 112 114 50
2 181 24
2 199 196
0
3 164 51 177
2 27 95
2 82 191
3 184 62 50
3 67 164 32
2 97 126
2 162 128
0
2 151 30
3 98 86 121
3 88 97 31
2 144 184
2 134 137
3 196 139 94
0
0
2 18 150
3 133 63 130
2 156 33
2 47 130
2 120 143
3 168 173 106
0
3 100 45 197
2 192 135
3 5 188 1
3 90 3 154
3 85 145 108
3 165 106 198
2 177 140
2 145 64
3 55 172 66
2 120 96
0
2 171 199
2 171 20
2 125 126
2 9 22
2 77 186
3 27 7 175
0
2 119 182
0
3 105 51 128
2 98 121
0
3 119 21 38
0
0
3 16 136 123
0
0
3 174 25 178
3 199 47 69
3 32 146 132
2 73 107
0
2 135 199
3 108 37 154
3 151 121 97
2 109 124
0
2 100 153
2 51 200
3 119 179 42
0
2 75 88
2 158 33
3 157 48 163
2 153 124
0
0
3 71 133 95
3 166 146 151
0
0
0
3 67 81 181
2 143 7
3 111 165 154
0
3 153 80 169
0
0
2 129 174
3 61 20 83
0
0
3 3 161 135
0
2 15 74
2 157 32
0
0
2 87 137
0
0
3 188 143 123
0
2 97 39
0
2 121 108
2 106 62
3 41 155 172
0
0
3 116 11 165
0
2 51 23
3 89 191 70
0
3 23 53 162
3 87 29 134
3 14 39 55
0
3 161 130 190
2 114 57
2 78 143
0
0
0
3 169 60 59
2 125 82
0
3 94 43 18
2 188 31
3 43 189 200
3 119 141 95
2 197 45
2 91 105
3 160 46 62
0
2 13 95
0
0
2 31 162
3 10 150 84
2 144 72
2 98 142
0
2 77 19
2 90 62
2 30 21
2 43 191
3 55 37 83
2 72 65
3 124 74 189
2 4 84
0
0
3 172 4 77
0
2 17 90
2 12 71
3 53 114 149
3 168 137 184
2 8 49
3 132 74 122
3 78 6 120

200
0
0
3 166 15 44
3 183 133 126
2 3 84
0
2 33 149
3 121 132 81
2 180 14
2 54 88
2 131 45
2 93 135
2 58 149
0
3 84 95 73
2 49 157
3 117 141 24
3 13 156 184
3 135 150 104
0
3 109 22 33
2 114 167
3 171 67 10
2 150 104
0
3 152 51 55
2 143 78
2 156 33
0
0
3 56 104 11
0
3 76 44 146
3 91 69 60
2 139 10
3 81 188 10
2 42 30
0
0
0
3 104 58 181
3 65 36 186
3 47 18 87
2 115 80
3 183 140 135
3 101 41 154
3 50 37 82
2 14 153
0
2 8 40
3 183 57 66
3 68 64 89
2 105 3
0
3 186 125 74
0
3 114 163 17
3 199 98 194
0
3 176 15 9
3 45 191 175
2 110 43
2 198 149
2 153 182
2 90 59
2 147 35
0
3 3 172 60
0
2 176 101
0
2 62 11
0
3 137 199 114
2 63 79
2 167 61
0
3 71 118 3
0
3 64 60 147
2 111 63
2 164 107
0
2 69 130
2 5 128
3 136 3 156
3 9 122 26
3 130 48 52
3 105 179 147
3 125 21 26
2 23 189
3 167 13 65
2 41 70
3 133 157 129
3 170 138 114
3 24 43 195
3 126 51 5
3 14 81 44
2 20 19
0
2 137 145
3 136 137 110
2 58 191
3 179 80 174
0
3 16 73 129
3 123 134 164
2 166 159
3 185 177 11
0
3 155 33 200
2 86 62
2 143 4
2 121 83
0
3 185 64 23
0
3 97 198 119
3 116 77 16
0
3 27 4 70
0
2 22 176
2 83 39
0
2 162 88
0
2 38 56
2 60 120
2 156 70
0
3 185 22 108
2 27 86
0
2 171 27
0
3 100 56 136
2 93 49
0
2 58 190
0
2 49 186
0
3 7 54 49
0
0
0
3 54 146 66
2 116 92
2 13 143
3 100 9 174
3 161 137 157
2 3 38
2 140 146
0
0
3 59 137 25
0
0
3 112 180 35
2 24 61
3 166 142 42
0
3 141 87 51
0
3 5 134 43
3 31 102 195
2 112 131
2 78 46
3 141 177 21
3 200 34 61
0
2 102 43
3 42 81 44
0
3 1 175 64
2 5 117
2 185 28
2 190 58
0
0
0
0
2 69 50
0
0
0
0
2 162 53
2 42 48
0
2 200 144
0
3 149 90 133
2 15 74
0
2 153 180
2 53 200
3 185 32 2
0

200
2 163 48
2 5 96
2 19 95
2 96 143
3 41 32 143
2 198 168
3 134 121 174
3 173 173 50
3 4 4 105
0
3 152 119 122
2 133 140
2 42 187
0
0
2 171 146
0
2 113 34
0
0
2 20 109
2 18 134
3 74 7 190
3 125 64 176
0
0
3 3 142 160
2 120 82
2 111 2
2 96 55
0
3 27 108 48
2 118 72
3 124 13 127
3 76 54 9
2 26 11
2 137 64
2 18 14
0
2 29 153
3 28 55 156
2 86 3
2 155 26
0
3 191 191 79
2 44 87
3 21 98 123
2 113 70
3 127 127 50
2 79 27
3 85 183 68
2 137 183
0
0
3 155 105 38
3 122 34 72
0
3 169 196 11
2 65 137
3 143 138 113
2 164 46
3 98 66 180
3 200 57 149
0
2 5 85
2 126 70
0
3 75 139 195
2 171 59
3 130 154 110
2 127 26
0
3 75 9 164
2 8 172
2 55 134
0
2 81 91
2 51 89
3 189 83 71
3 94 195 41
3 57 186 173
2 177 156
0
0
3 121 145 42
2 151 176
3 41 8 88
2 59 176
0
3 11 159 110
3 106 102 102
2 88 74
3 16 181 6
0
0
0
2 93 159
3 68 156 39
3 195 142 86
3 78 36 132
2 146 187
0
3 88 7 38
0
2 6 142
2 158 193
0
0
0
2 156 57
2 146 84
0
2 169 120
3 4 52 104
3 38 149 52
0
0
0
2 11 94
3 73 3 123
3 160 112 109
3 168 113 12
2 111 98
3 30 166 126
3 21 27 71
2 78 148
2 166 185
0
2 116 63
2 190 74
3 101 134 40
3 198 52 70
2 101 40
0
3 166 122 39
0
2 160 173
0
2 90 27
3 101 94 191
2 84 64
2 136 149
2 156 146
3 177 53 135
2 94 152
0
3 142 29 62
0
0
2 192 90
2 120 143
3 111 9 11
0
3 98 27 78
2 172 112
0
0
0
3 70 149 83
2 91 111
3 95 63 152
2 104 185
0
0
3 20 54 122
3 101 20 123
3 24 95 194
2 23 39
2 92 139
2 31 181
0
0
2 112 182
3 16 166 22
3 30 41 115
0
3 167 122 12
2 98 58
3 102 80 80
2 123 19
0
3 151 93 183
2 4 116
3 171 34 112
3 63 105 146
3 194 64 87
2 113 184
0
3 85 198 34
3 121 4 87
2 154 179
3 132 134 123
3 105 156 85
0
3 189 185 183
0
2 21 91
2 4 9
3 40 6 147
0

200
0
3 170 103 7
3 110 138 185
2 111 89
3 196 128 61
2 112 195
3 160 15 160
3 170 168 184
0
2 82 93
0
0
2 153 190
2 79 97
3 190 138 40
2 65 53
0
2 47 141
3 14 100 6
3 19 142 192
3 23 36 146
3 49 98 147
0
2 177 58
0
3 147 51 54
2 55 126
3 53 18 74
0
0
0
2 88 173
2 183 195
3 128 152 180
3 50 141 87
3 150 98 144
0
2 150 106
0
3 45 158 44
3 176 113 53
3 153 25 71
2 172 2
2 75 182
2 125 74
0
0
2 175 198
3 26 147 127
2 125 171
0
3 193 167 185
2 46 137
0
2 24 145
3 38 19 3
0
2 76 153
2 50 79
2 119 56
2 46 138
3 168 130 90
0
0
0
0
2 115 178
0
3 122 183 175
3 186 2 187
0
0
3 15 185 129
3 41 22 82
3 143 50 59
3 161 59 9
3 152 123 46
0
2 119 47
0
3 32 140 149
0
2 11 30
0
2 70 185
0
0
2 178 10
0
2 68 70
3 19 145 4
0
2 123 82
3 85 113 33
3 109 78 67
0
3 30 166 129
3 142 80 92
3 89 153 8
3 23 166 127
0
2 162 74
3 43 167 80
3 151 16 16
3 82 38 39
3 3 119 77
0
3 169 166 38
0
2 194 95
2 73 13
0
0
3 7 76 5
2 134 108
2 149 39
0
2 77 198
2 147 74
0
0
0
0
2 67 31
2 113 74
3 37 136 164
2 163 120
3 97 27 38
0
2 124 135
3 73 28 193
2 16 88
3 121 173 158
2 52 22
3 154 147 165
0
0
0
3 134 193 52
2 30 49
3 105 135 175
2 162 167
3 129 6 165
2 179 74
3 30 96 33
0
0
2 176 8
0
2 141 101
3 52 82 183
3 138 118 107
2 31 73
0
0
2 104 113
3 129 169 189
0
2 124 122
0
3 129 57 182
0
2 165 24
3 147 156 79
3 62 144 47
0
0
3 164 186 70
3 66 38 112
0
3 35 163 90
2 43 99
0
3 159 183 38
3 129 194 83
3 7 27 143
3 109 100 56
3 121 111 110
2 104 51
0
2 140 160
0
0
0
3 149 160 112
2 88 57
2 184 63
3 126 155 121
0
3 118 49 140
0
0
2 132 8
3 150 100 166
3 89 143 83
3 54 146 141
2 2 176
0
0
0

200
0
0
0
3 84 178 131
0
2 41 155
3 200 161 39
2 78 199
3 172 33 80
2 178 21
3 131 148 145
3 135 51 21
3 85 104 125
2 79 130
0
2 171 7
0
3 57 174 160
2 145 144
2 121 122
0
2 4 195
3 102 81 136
2 28 20
3 152 186 56
0
2 40 4
3 136 116 7
0
3 3 5 19
3 125 92 77
3 47 23 198
2 103 133
0
2 104 199
2 90 54
3 34 45 21
3 180 136 190
2 11 144
2 181 125
0
0
2 81 70
0
3 170 30 163
0
3 18 94 144
2 148 9
3 144 29 27
2 164 17
0
0
3 7 58 37
0
2 141 6
3 116 36 24
3 150 167 7
3 61 150 26
2 110 117
0
3 144 178 54
3 93 131 23
2 189 11
3 21 152 30
3 19 17 99
3 166 17 73
3 77 23 157
3 84 74 43
3 169 20 27
2 112 109
0
0
3 17 138 22
0
3 96 138 183
2 4 148
3 76 31 191
2 188 131
2 61 173
0
3 144 85 60
0
2 113 169
2 129 106
3 48 24 110
3 158 8 140
0
2 168 64
3 27 194 102
0
0
2 67 62
2 78 21
2 190 141
0
2 199 44
3 22 105 7
3 112 188 185
3 27 49 186
3 42 87 91
0
0
0
2 138 186
0
2 128 133
2 150 131
2 171 105
0
0
0
0
3 127 103 43
3 151 28 158
3 67 49 55
3 109 179 2
0
3 128 126 8
0
2 90 184
3 146 190 174
0
0
2 60 9
0
2 111 122
2 192 122
0
0
2 192 105
2 114 184
2 73 18
0
2 153 176
3 142 101 193
3 4 52 9
3 168 71 27
0
3 18 163 90
3 145 81 129
3 146 65 78
0
2 9 133
0
0
2 127 189
3 174 192 139
0
2 106 5
3 195 81 136
0
0
0
2 2 41
2 100 105
0
3 186 166 2
3 101 145 97
2 81 22
2 19 108
0
2 112 92
0
3 179 131 66
0
3 19 131 111
0
2 68 139
0
3 140 94 133
0
0
3 69 163 6
0
0
2 115 133
3 137 77 152
0
3 42 1 64
0
3 134 158 130
2 81 162
2 174 47
2 115 20
0
0
2 58 99
0
0
0
2 61 11
2 80 104
0
2 120 143
0
2 24 124
2 186 87
2 32 38
3 3 57 50
3 67 100 84

200
0
3 162 3 93
0
2 149 61
2 68 6
0
0
0
0
3 90 168 82
0
3 71 170 153
0
2 83 146
3 167 88 105
3 90 198 119
2 98 131
0
2 137 44
2 196 26
0
3 194 63 34
0
3 156 49 13
3 131 110 197
2 197 102
3 86 51 199
3 100 129 45
3 17 88 3
0
3 184 50 59
0
3 154 132 190
3 96 116 85
0
3 85 153 118
3 38 120 163
3 19 44 43
0
0
0
2 24 148
0
2 158 169
2 111 52
3 113 147 69
0
2 133 33
0
2 198 45
0
2 43 91
2 85 76
0
2 15 38
0
2 63 23
0
3 134 109 26
2 56 94
2 110 178
3 117 131 127
0
2 39 155
0
2 191 120
3 110 134 45
3 71 59 150
3 84 35 36
2 184 43
3 81 105 84
2 21 15
0
0
0
0
3 62 119 181
0
2 67 122
3 89 132 14
2 167 200
0
3 183 198 181
3 102 65 24
0
2 112 6
2 190 44
2 61 72
0
0
0
0
3 74 147 94
2 114 60
3 68 86 20
0
3 34 118 83
0
2 113 121
3 111 62 191
2 122 63
3 11 72 21
0
0
2 114 183
0
0
2 51 59
2 116 77
0
2 32 176
2 152 123
0
0
0
3 87 128 121
3 151 93 70
3 11 184 181
2 108 200
0
2 142 112
3 165 48 56
2 23 30
2 98 67
2 163 25
2 42 146
2 144 38
3 190 1 157
2 146 16
3 190 86 62
0
3 178 101 39
3 75 68 176
0
0
2 86 111
2 127 56
3 70 45 171
3 197 79 180
3 47 52 84
2 113 89
2 90 189
2 167 15
0
0
2 57 86
3 167 132 103
0
2 124 171
3 135 167 34
2 61 80
3 145 163 30
0
2 72 173
0
2 187 103
3 125 160 168
0
0
3 3 4 132
0
3 87 60 92
0
0
0
3 195 49 114
0
0
0
2 157 74
0
2 176 119
3 135 86 72
2 137 74
0
0
2 93 58
0
0
3 40 40 80
3 40 146 9
2 87 8
2 160 195
2 136 113
0
3 199 117 87
2 105 58
3 197 115 102
0
3 141 124 123
3 116 68 135
0
2 94 119
0
3 193 153 1
2 126 151
3 112 189 95
0
3 34 117 160
2 1 2

