6

66
0
25 49 12 64 21 49 59 27 1 22 27 26 20 4 32 18 41 25 10 45 23 53 1 38 54 54
0
0
0
11 14 55 4 23 52 22 44 49 4 64 7
14 15 8 58 32 49 16 40 27 36 24 25 9 12 34
0
9 53 35 5 56 56 56 59 32 57
31 29 62 22 43 3 11 6 51 24 43 59 64 32 63 6 42 31 25 58 15 58 60 4 47 49 39 14 65 32 40 60
27 14 60 61 18 45 18 58 52 10 56 15 6 59 54 34 18 45 48 7 36 49 53 19 57 23 30 55
27 2 48 38 15 41 32 30 17 49 22 66 56 9 15 59 65 2 27 14 45 6 20 14 53 4 30 43
13 60 31 11 59 10 48 7 48 11 35 65 57 54
31 44 60 10 37 58 10 61 4 52 66 23 63 50 27 25 26 50 16 54 59 8 63 40 12 45 49 46 41 39 33 36
9 26 44 51 16 51 45 19 34 42
21 30 26 65 52 49 47 1 35 39 8 29 10 20 5 58 65 45 29 30 13 43
27 54 27 2 38 3 20 3 42 59 30 65 55 16 48 35 16 14 5 24 42 15 41 45 4 37 21 30
33 33 6 51 20 30 52 55 30 4 57 6 60 21 4 48 34 49 15 49 62 17 4 36 31 44 14 33 15 34 62 12 65 66
31 16 27 46 5 57 47 59 62 40 11 63 44 46 31 25 39 48 28 8 10 4 42 18 51 38 27 49 37 21 62 63
33 66 53 46 57 46 17 65 43 33 41 64 65 58 45 24 64 54 27 14 30 42 64 65 1 44 35 21 40 29 18 37 16 61
0
30 11 24 33 43 62 52 38 60 44 14 15 39 66 40 52 27 15 50 25 13 25 57 33 64 19 48 33 32 42 57
0
25 14 57 25 9 41 60 66 16 8 13 54 7 52 37 33 64 18 57 11 43 47 41 38 63 23
0
15 62 61 53 44 6 41 2 13 13 61 10 28 66 22 13
3 7 50 36
2 1 26
0
21 4 51 13 1 5 16 27 1 8 13 44 14 51 43 24 62 35 33 23 35 55
0
19 59 17 8 61 15 31 5 54 35 56 66 33 60 15 59 58 21 3 33
0
26 9 57 46 44 21 1 10 9 47 66 48 54 58 60 19 61 47 51 48 46 15 39 59 7 31 13
0
32 44 57 4 32 35 45 52 35 54 61 2 34 58 47 20 47 40 38 41 21 20 22 64 34 61 54 40 23 64 44 19 41
16 20 6 66 64 58 34 51 50 33 17 39 13 34 19 51 5
30 3 22 13 66 55 7 52 26 29 49 3 46 24 34 65 27 34 61 18 65 43 65 32 57 37 42 24 56 24 28
24 26 47 59 24 35 64 9 60 24 57 60 1 12 28 64 37 59 58 52 55 34 51 18 25
0
0
24 6 15 8 52 41 54 43 64 21 38 4 14 61 58 8 62 4 33 59 40 23 48 25 9
8 7 27 37 26 16 17 31 30
12 15 4 9 55 65 29 26 2 41 20 60 46
0
0
0
3 32 30 52
28 38 65 61 62 33 20 11 48 39 4 60 40 11 48 39 37 7 38 11 25 29 54 37 23 63 40 54 24
12 42 60 19 36 53 52 55 62 34 34 34 36
0
0
0
0
0
0
7 15 25 36 43 12 4 66
0
0
26 28 64 26 21 16 61 6 65 47 1 31 15 32 66 40 38 43 46 13 58 57 27 14 26 1 24
15 64 28 4 49 55 1 6 8 15 65 13 13 45 11 43
29 42 40 30 11 16 8 23 6 64 47 19 24 46 42 51 43 3 52 23 56 51 27 63 65 25 7 9 1 17
25 56 56 23 17 66 37 24 21 42 22 65 58 43 44 34 25 19 34 10 41 21 60 1 17 58
12 23 65 24 37 48 13 26 2 29 26 38 51
22 11 6 42 3 46 20 34 4 38 1 13 10 22 7 9 36 62 31 57 60 52 27
20 62 53 41 23 10 10 7 53 21 10 28 23 55 45 56 58 16 54 2 24

51
8 23 4 11 5 21 23 43 27
21 38 50 31 18 14 46 9 28 28 25 45 32 1 17 46 14 10 25 47 40 4
0
6 32 20 15 26 17 6
1 31
9 51 35 35 39 29 18 40 42 33
6 17 24 6 4 30 50
0
0
5 5 39 2 44 38
0
12 39 22 41 13 5 49 25 8 40 13 38 5
10 48 46 17 27 49 23 30 22 42 37
15 46 49 5 12 35 48 9 48 18 23 34 48 46 7 4
0
22 41 38 12 11 6 28 12 4 24 41 25 14 26 28 33 48 32 19 6 28 27 2
10 24 35 16 18 15 44 51 7 7 12
22 42 17 45 2 45 43 43 43 5 42 19 12 39 25 30 44 26 30 19 45 2 27
0
0
21 26 44 6 29 38 48 19 6 49 13 48 40 4 26 5 48 37 43 40 9 46
0
0
7 45 27 47 13 41 47 30
18 26 7 47 22 50 1 20 11 48 33 40 47 37 36 33 2 30 21
18 24 13 35 11 7 10 7 19 24 27 22 8 1 2 3 48 51 28
0
18 49 22 49 44 8 7 25 34 36 20 18 33 32 1 44 38 36 50
15 33 50 51 40 24 26 16 20 26 17 9 35 14 31 32
0
6 38 5 45 22 24 36
2 30 11
0
0
0
9 46 27 41 19 41 14 45 30 33
22 21 16 27 34 46 7 14 31 44 19 49 14 16 34 41 45 44 36 10 12 27 29
6 17 47 1 30 14 5
18 6 25 51 32 32 19 38 46 23 30 38 21 17 2 28 7 47 45
0
15 5 42 32 16 32 27 42 35 15 20 20 20 44 44 26
0
0
6 43 8 16 29 2 32
3 29 12 51
0
0
2 51 43
0
0
24 34 31 32 48 50 25 42 16 17 16 13 27 27 5 9 16 7 10 22 11 13 33 35 34

87
0
0
9 56 65 4 24 86 11 44 9 17
0
23 14 37 22 47 62 39 31 8 46 86 15 74 18 35 48 1 62 82 9 31 59 12 46
0
8 81 57 23 68 6 28 17 20
38 70 58 18 70 16 84 82 4 6 29 52 85 82 38 6 17 2 10 62 50 16 56 12 38 36 9 66 44 28 53 19 86 62 80 6 70 76 87
33 74 20 21 71 15 59 69 31 60 78 85 14 6 45 25 35 72 26 13 28 53 57 38 43 24 30 49 6 11 40 62 84 60
42 59 74 54 40 9 18 22 85 31 27 42 48 54 26 73 66 46 30 28 83 73 51 18 26 48 28 65 22 16 37 17 74 23 62 19 24 79 40 21 15 59 63
27 25 80 39 82 38 60 22 26 45 64 35 62 16 62 40 38 69 76 46 47 4 13 65 19 83 10 39
0
34 6 63 84 78 6 78 28 66 5 45 15 68 79 77 84 45 29 26 18 9 63 65 12 75 42 30 71 51 61 72 23 58 40 19
24 45 2 68 15 6 25 30 65 9 11 53 45 31 78 63 39 46 40 43 33 73 64 8 29
0
40 51 87 32 62 47 76 63 27 83 60 44 17 37 44 27 3 80 57 72 55 87 30 86 42 63 64 19 70 5 47 62 47 46 85 13 85 66 75 24 61
24 59 77 76 7 8 78 87 64 62 54 63 5 45 10 67 21 20 41 66 8 63 5 68 14
31 55 29 35 7 80 16 82 86 23 72 85 78 38 44 46 42 80 55 13 5 74 54 21 44 53 75 60 57 55 65 32
8 86 58 21 78 74 15 68 1
39 58 79 28 14 37 62 6 83 74 2 69 32 22 25 84 1 77 46 56 46 69 70 36 39 82 18 17 1 86 18 78 56 1 10 61 37 71 58 32
25 59 5 81 80 70 80 2 28 40 48 9 22 83 39 8 14 48 8 4 65 77 51 65 79 24
3 62 81 29
0
0
17 2 36 53 71 20 55 11 60 7 11 73 81 41 81 86 1 80
1 65
0
0
0
0
0
0
14 60 59 43 16 4 44 43 49 19 63 8 29 27 6
0
0
43 71 76 85 72 69 78 41 51 35 67 16 14 10 42 66 61 76 73 64 24 21 17 42 75 16 62 14 21 84 9 20 68 85 9 44 66 78 76 29 25 55 44 31
33 77 1 38 66 73 6 2 6 15 36 72 30 10 85 43 7 7 62 66 4 62 22 69 52 10 2 69 57 12 26 26 12 55
42 76 52 77 74 66 25 58 1 26 48 35 32 46 9 2 41 62 15 14 26 17 15 86 73 43 10 3 68 13 57 56 81 21 45 67 79 69 29 71 7 76 18
0
13 18 24 66 79 39 79 9 55 6 8 32 48 9
0
11 14 3 76 7 15 25 65 85 6 6 60
0
37 77 34 12 86 58 78 69 1 69 78 55 67 77 78 19 77 24 39 3 18 19 9 24 43 73 14 40 71 73 57 63 69 60 53 31 50 35
0
16 17 77 11 85 67 21 74 82 60 69 4 70 69 28 18 47
21 57 30 26 5 78 80 74 50 46 17 13 80 48 36 1 29 38 85 9 58 71
2 22 52
43 84 34 26 14 80 58 62 14 75 67 4 60 53 53 10 69 57 81 21 84 81 50 34 78 50 84 53 44 10 10 42 6 35 59 19 27 21 81 32 9 60 27 60
9 71 69 77 41 62 3 29 55 52
0
0
3 51 2 49
30 11 4 66 45 76 63 75 61 7 75 25 33 39 41 17 20 31 49 73 25 77 40 76 36 68 81 86 69 34 51
36 29 21 29 83 1 84 62 62 82 41 86 20 79 32 28 3 54 76 75 78 57 19 58 6 86 43 83 67 76 46 51 18 58 72 5 59
34 58 33 62 11 23 81 81 54 13 83 20 80 70 2 50 1 59 47 78 14 34 57 3 72 13 12 42 84 8 13 65 37 22 67
30 8 60 18 20 47 30 13 29 31 54 21 3 13 11 16 46 59 10 30 71 21 64 59 20 68 27 84 18 49 63
35 56 27 86 75 73 28 79 6 59 45 18 53 49 20 68 8 79 70 29 54 82 84 26 15 65 44 11 82 5 66 63 52 84 53 32
0
41 23 67 44 68 85 9 29 17 68 28 87 50 49 54 37 45 71 51 14 27 53 8 24 23 62 67 20 28 11 81 13 26 56 85 49 56 18 58 28 38 57
0
39 15 19 35 77 69 41 17 34 48 32 57 15 11 68 34 14 61 46 39 25 6 28 74 53 45 44 80 74 5 64 12 72 4 1 53 44 17 79 83
0
0
0
0
10 35 56 80 80 86 17 77 26 82 34
31 30 27 49 35 80 25 46 65 28 46 22 71 55 13 59 86 44 41 63 16 9 47 87 86 56 69 16 42 15 78 72
17 31 19 18 47 56 74 67 6 8 50 60 13 13 59 56 81 4
12 1 5 79 3 30 60 19 72 67 1 56 12
12 66 21 69 34 7 48 31 15 3 4 19 15
27 74 87 49 10 87 53 71 56 6 43 66 69 14 66 29 18 1 7 38 61 32 45 22 63 51 16 58
35 30 16 47 30 64 49 21 30 25 4 85 30 39 63 4 44 33 32 61 25 31 12 85 54 48 19 21 11 34 78 71 56 85 30 77
31 78 10 83 15 6 72 37 36 39 40 79 71 63 45 87 6 56 84 52 16 16 72 18 41 55 1 1 52 22 77 18
0
0
3 19 76 76
24 16 19 86 86 81 54 43 80 59 3 77 23 10 84 87 27 29 54 19 30 10 41 19 20
23 10 24 63 77 5 15 5 23 5 4 17 58 46 9 22 49 85 36 58 73 35 77 15
0
4 44 3 40 54
0
42 56 45 52 45 49 66 50 64 70 53 80 41 3 80 62 43 70 10 6 55 37 82 69 29 81 17 31 34 71 52 22 39 2 73 42 51 37 18 34 81 2 66
42 82 40 31 64 41 36 23 77 22 5 19 8 21 41 33 83 85 54 34 86 32 22 32 82 58 50 20 44 43 85 32 29 29 62 5 70 3 28 51 16 24 61
8 36 15 47 32 12 6 57 10
0
0

11
5 10 5 5 11 3
5 8 8 11 6 8
2 8 7
0
0
1 5
0
2 9 6
3 3 11 2
0
4 2 2 2 1

49
19 2 35 28 26 26 17 3 33 14 3 48 38 12 31 16 31 43 31 40
11 5 9 42 20 21 6 3 8 42 35 49
0
13 32 29 2 48 32 34 12 34 38 6 1 19 26
16 17 8 26 38 17 34 35 41 11 40 43 23 37 33 27 36
0
0
8 10 7 46 48 23 36 36 33
18 10 10 23 27 22 48 20 43 38 5 35 4 49 33 26 37 22 8
0
15 16 42 44 27 44 47 49 30 34 38 21 43 3 43 25
15 47 44 22 40 48 43 4 1 24 40 22 31 18 7 46
8 6 28 14 3 27 48 36 20
10 35 22 13 10 1 15 10 23 5 13
20 3 16 39 26 11 16 7 28 22 8 48 32 35 12 35 18 11 26 37 30
6 15 47 26 15 13 40
0
0
2 32 25
10 26 6 34 42 18 13 19 25 16 2
0
16 41 38 42 17 30 27 33 44 30 9 15 47 48 7 19 6
22 48 29 20 5 14 17 22 31 40 46 46 46 17 28 37 5 26 10 40 3 42 34
19 1 48 34 4 11 4 9 4 7 38 28 11 7 49 32 37 40 34 33
0
1 16
17 11 41 43 1 49 35 39 41 40 43 26 48 4 34 12 7 40
25 40 2 11 39 33 47 34 22 35 26 23 2 10 38 47 3 43 2 42 32 43 32 30 24 35
0
4 46 45 47 2
18 4 12 29 42 10 14 14 44 39 41 1 4 34 4 11 27 5 3
8 3 39 44 26 24 33 33 20
14 36 26 18 44 38 46 36 3 15 6 2 9 46 3
6 31 6 22 13 15 29
14 23 18 27 48 46 10 37 22 42 28 47 10 22 40
6 14 42 31 19 44 39
10 2 7 1 12 33 19 26 13 1 4
18 27 3 37 41 44 14 33 22 16 47 43 7 14 7 48 44 30 47
19 1 48 44 6 10 33 24 41 1 25 44 40 7 2 27 4 45 45 41
0
6 44 16 18 8 27 21
4 8 24 44 8
11 44 13 37 32 42 33 32 22 27 22 33
17 5 36 29 49 33 2 11 27 22 33 34 48 5 45 11 33 39
0
3 38 36 20
17 29 2 5 12 29 37 45 38 24 29 37 7 30 4 38 2 41
11 6 1 17 16 33 11 39 38 5 30 39
12 13 19 31 17 30 15 4 25 3 32 4 44

200
0
9 127 61 186 37 106 41 195 111 55
6 5 139 150 88 150 29
9 48 60 83 89 36 195 63 143 110
5 2 10 31 190 89
3 128 77 101
0
0
1 126
0
7 16 190 54 165 18 193 13
0
7 53 113 21 115 8 131 162
0
2 192 103
2 187 30
9 87 101 32 97 26 120 16 193 109
0
7 127 13 121 156 39 173 68
10 40 27 142 1 188 33 144 90 165 130
0
3 168 123 156
0
8 75 32 140 135 100 48 61 113
9 16 103 141 36 162 132 62 103 132
1 88
8 42 52 157 112 176 77 34 131
3 133 157 124
4 91 175 72 104
9 192 71 142 84 58 55 16 72 158
9 72 197 126 114 48 35 177 175 111
3 57 155 95
3 78 71 55
4 94 158 43 85
0
6 168 38 190 183 109 99
4 181 95 159 46
0
3 22 68 55
4 124 9 31 88
0
1 143
0
6 100 36 30 80 123 149
0
2 84 178
1 117
8 57 75 3 151 20 177 18 26
0
4 187 142 181 24
4 123 17 139 175
4 120 6 126 69
0
10 152 53 152 68 162 8 94 117 158 65
5 128 91 156 21 77
8 153 52 43 28 21 182 154 24
0
1 102
0
8 43 72 190 194 91 103 153 185
0
3 1 15 190
0
1 162
0
10 114 123 62 93 143 195 46 118 48 109
0
10 46 165 192 187 158 82 89 111 18 60
3 19 26 114
1 196
5 132 15 140 6 29
5 100 23 30 169 22
8 140 142 135 104 133 121 14 166
10 76 136 21 200 106 46 65 166 42 91
0
8 30 54 36 166 105 59 148 74
10 85 13 173 20 68 105 92 33 23 101
10 110 73 59 15 119 123 132 112 13 181
0
5 186 107 160 91 117
0
4 148 144 128 121
5 147 177 6 180 151
9 39 60 131 50 74 1 124 6 64
0
6 135 83 123 193 194 13
0
3 128 8 148
5 80 14 154 57 171
3 7 29 123
0
2 124 64
0
7 80 136 34 14 170 109 158
0
1 18
7 1 177 66 7 57 31 160
5 2 44 23 182 167
1 45
10 133 109 89 181 140 24 167 153 145 75
0
10 147 79 178 147 7 44 106 63 26 65
0
7 109 54 9 27 94 5 68
8 65 157 111 4 132 77 108 77
0
9 88 49 199 65 148 6 60 53 20
0
9 51 112 177 104 72 155 149 29 23
7 93 131 37 97 14 65 156
2 167 77
0
7 75 194 114 32 5 118 4
10 187 6 154 115 109 177 70 57 5 44
0
0
0
1 98
9 187 53 181 153 129 61 72 156 6
0
0
0
5 142 52 193 147 157
0
7 86 128 64 90 171 198 91
8 121 188 187 59 193 119 164 121
1 35
6 137 171 15 99 25 108
10 17 55 59 76 61 144 3 76 185 126
6 76 173 98 15 159 156
7 29 119 128 160 153 155 48
4 121 146 100 29
7 69 35 105 144 47 48 146
5 185 71 100 60 44
9 74 154 104 81 183 175 160 94 79
6 141 154 187 86 54 167
0
2 153 189
0
1 188
0
5 172 185 76 31 28
0
0
3 80 89 67
4 200 160 132 65
0
0
0
9 91 121 173 12 25 161 180 176 148
1 200
2 125 76
0
4 51 110 189 130
0
5 183 149 167 67 166
0
2 168 107
0
1 31
5 65 191 184 40 90
6 192 161 153 67 15 8
9 76 196 199 26 3 133 174 169 199
0
0
0
9 196 143 51 26 99 115 168 34 107
0
10 98 170 62 116 136 21 184 12 17 134
0
0
0
10 139 65 101 28 167 159 24 61 9 49
10 75 169 193 181 26 54 30 147 67 145
3 88 81 46
6 14 82 26 80 43 116
7 143 143 63 53 166 123 61
0
0
0
0
0
10 112 80 50 10 147 146 92 186 26 137
1 192
10 66 23 13 181 119 155 123 133 8 41
0
10 7 41 59 93 67 79 156 99 128 165
7 25 57 182 3 145 22 194
0
9 168 79 171 87 185 45 171 144 85
8 116 43 19 174 135 37 52 90
5 131 55 83 156 63
4 158 159 37 151
0
7 70 55 197 156 192 42 127
5 78 56 50 121 74
4 7 63 27 49
7 158 55 32 113 69 47 70
9 84 172 156 62 41 10 59 149 1
2 27 88

