500 50
10060 10094 10019 10075 10026 10009 10072 10050 10045 10049 10060 10001 10040 10025 10009 10031 10019 10017 10066 10072 10032 10088 10088 10080 10020 10065 10072 10006 10029 10021 10007 10088 10014 10078 10015 10092 10086 10038 10041 10030 10038 10001 10083 10029 10077 10091 10059 10047 10008 10076 10071 10091 10015 10058 10071 10087 10074 10094 10092 10054 10066 10099 10094 10080 10028 10008 10023 10013 10097 10063 10043 10086 10015 10025 10015 10043 10067 10025 10042 10074 10053 10012 10017 10067 10069 10039 10053 10094 10032 10097 10048 10098 10047 10041 10029 10074 10100 10051 10086 10096 10065 10028 10081 10032 10004 10047 10074 10071 10072 10015 10096 10024 10078 10064 10042 10046 10002 10095 10040 10086 10091 10039 10035 10037 10079 10063 10010 10078 10065 10047 10025 10081 10075 10057 10012 10030 10004 10038 10052 10027 10004 10100 10002 10082 10063 10043 10079 10065 10037 10070 10050 10079 10008 10084 10015 10038 10098 10076 10067 10014 10023 10091 10094 10049 10100 10058 10078 10055 10095 10082 10033 10098 10081 10034 10031 10043 10028 10010 10059 10065 10079 10008 10095 10039 10043 10062 10076 10092 10037 10043 10005 10011 10085 10051 10011 10084 10008 10041 10090 10002 10022 10022 10051 10002 10055 10082 10096 10083 10043 10055 10099 10021 10014 10093 10059 10057 10006 10035 10100 10043 10029 10005 10005 10013 10007 10016 10097 10014 10008 10086 10015 10029 10060 10017 10082 10066 10050 10077 10048 10092 10031 10098 10065 10045 10043 10075 10053 10048 10061 10052 10042 10089 10008 10099 10002 10014 10066 10050 10079 10073 10035 10093 10001 10094 10062 10034 10060 10011 10010 10059 10003 10041 10009 10019 10037 10003 10093 10089 10050 10054 10092 10044 10042 10052 10042 10043 10065 10007 10092 10044 10079 10079 10088 10031 10024 10001 10064 10035 10012 10025 10046 10066 10017 10054 10084 10053 10008 10076 10093 10009 10029 10085 10052 10023 10088 10045 10065 10004 10051 10009 10099 10081 10087 10039 10063 10062 10039 10078 10097 10002 10003 10042 10067 10019 10047 10002 10024 10006 10030 10016 10014 10058 10052 10066 10032 10039 10010 10049 10043 10013 10057 10041 10045 10095 10079 10060 10056 10070 10037 10004 10071 10091 10097 10090 10010 10095 10091 10033 10100 10020 10100 10014 10030 10052 10031 10061 10042 10092 10009 10084 10004 10017 10077 10001 10011 10007 10060 10019 10076 10048 10074 10099 10039 10071 10088 10100 10017 10078 10084 10017 10098 10083 10082 10079 10034 10012 10039 10028 10003 10048 10011 10059 10064 10039 10059 10027 10046 10018 10097 10073 10017 10070 10023 10055 10040 10010 10054 10057 10088 10037 10025 10037 10020 10006 10015 10005 10017 10005 10032 10071 10004 10095 10029 10020 10085 10087 10046 10082 10056 10042 10055 10073 10063 10029 10079 10003 10039 10033 10011 10078 10021 10087 10066 10092 10092 10080 10049 10060 10036 10080 10030 10040 10026 10011 10011 10011 10097 10056 10092 10005 10049 10098 10029 10011 10027 10007 10065 10017 10091 10027 10094 10012 10065 10059 10003 10056 10090 10051 10067 10025
18616 249049
2 10073
5 10076
1 10049
90196 296791
90712 340050
19239 50540
7 10079
3 10039
79129 972208
1 10005
74787 518402
85594 993923
86756 130236
3 10041
39948 60843
7 10063
2 10095
53247 444065
25454 861665
92496 97842
1 10017
3 10094
51407 847011
86757 712298
63951 584132
6 10059
3 10087
66819 343099
44835 560547
59029 773476
7 10006
3 10028
5 10025
7 10033
2 10079
81391 116292
4 10073
6 10076
1 10081
36028 821270
66960 677285
30135 427844
11147 615926
29455 339061
84957 565305
1248 355499
1519 261946
2 10037
7 10072
