1 2
1 3
1 4
1 5
1 6
1 7
1 8
1 9
1 10
1 11
1 12
1 13
1 14
1 15
1 16
1 17
1 18
1 19
1 20
19
1 2
1 3
1 4
1 5
1 6
1 7
1 8
1 9
1 10
1 11
1 12
1 13
1 14
1 15
1 16
1 17
1 18
1 19
1 20

19 2 3 4 5 6 7 8 9 10 11 12 13 14 15 16 17 18 19 20
18 3 4 5 6 7 8 9 10 11 12 13 14 15 16 17 18 19 20
17 4 5 6 7 8 9 10 11 12 13 14 15 16 17 18 19 20
16 5 6 7 8 9 10 11 12 13 14 15 16 17 18 19 20
15 6 7 8 9 10 11 12 13 14 15 16 17 18 19 20
14 7 8 9 10 11 12 13 14 15 16 17 18 19 20
13 8 9 10 11 12 13 14 15 16 17 18 19 20
12 9 10 11 12 13 14 15 16 17 18 19 20
11 10 11 12 13 14 15 16 17 18 19 20
10 11 12 13 14 15 16 17 18 19 20
9 12 13 14 15 16 17 18 19 20
8 13 14 15 16 17 18 19 20
7 14 15 16 17 18 19 20
6 15 16 17 18 19 20
5 16 17 18 19 20
4 17 18 19 20
3 18 19 20
2 19 20
1 20
38
1 2
1 3
1 4
1 5
1 6
1 7
1 8
1 9
1 10
1 11
1 12
1 13
1 14
1 15
1 16
1 17
1 18
1 19
1 20
1 2
2 3
3 4
4 5
5 6
6 7
7 8
8 9
9 10
10 11
11 12
12 13
13 14
14 15
15 16
16 17
17 18
18 19
19 20
