100
1 11
3 13 12 11
5 15 14 13 12 11
7 20 16 15 14 13 12 11
9 19 18 18 17 16 15 14 13 12
1 11
3 13 12 11
5 15 14 13 12 11
7 20 16 15 14 13 12 11
9 19 18 18 17 16 15 14 13 12
1 11
3 13 12 11
5 15 14 13 12 11
7 20 16 15 14 13 12 11
9 19 18 18 17 16 15 14 13 12
1 11
3 13 12 11
5 15 14 13 12 11
7 20 16 15 14 13 12 11
9 19 18 18 17 16 15 14 13 12
1 11
3 13 12 11
5 15 14 13 12 11
7 20 16 15 14 13 12 11
9 19 18 18 17 16 15 14 13 12
1 11
3 13 12 11
5 15 14 13 12 11
7 20 16 15 14 13 12 11
9 19 18 18 17 16 15 14 13 12
1 11
3 13 12 11
5 15 14 13 12 11
7 20 16 15 14 13 12 11
9 19 18 18 17 16 15 14 13 12
1 11
3 13 12 11
5 15 14 13 12 11
7 20 16 15 14 13 12 11
9 19 18 18 17 16 15 14 13 12
1 11
3 13 12 11
5 15 14 13 12 11
7 20 16 15 14 13 12 11
9 19 18 18 17 16 15 14 13 12
1 11
3 13 12 11
5 15 14 13 12 11
7 20 16 15 14 13 12 11
9 19 18 18 17 16 15 14 13 12
1 11
3 13 12 11
5 15 14 13 12 11
7 20 16 15 14 13 12 11
9 19 18 18 17 16 15 14 13 12
1 11
3 13 12 11
5 15 14 13 12 11
7 20 16 15 14 13 12 11
9 19 18 18 17 16 15 14 13 12
1 11
3 13 12 11
5 15 14 13 12 11
7 20 16 15 14 13 12 11
9 19 18 18 17 16 15 14 13 12
1 11
3 13 12 11
5 15 14 13 12 11
7 20 16 15 14 13 12 11
9 19 18 18 17 16 15 14 13 12
1 11
3 13 12 11
5 15 14 13 12 11
7 20 16 15 14 13 12 11
9 19 18 18 17 16 15 14 13 12
1 11
3 13 12 11
5 15 14 13 12 11
7 20 16 15 14 13 12 11
9 19 18 18 17 16 15 14 13 12
1 11
3 13 12 11
5 15 14 13 12 11
7 20 16 15 14 13 12 11
9 19 18 18 17 16 15 14 13 12
1 11
3 13 12 11
5 15 14 13 12 11
7 20 16 15 14 13 12 11
9 19 18 18 17 16 15 14 13 12
1 11
3 13 12 11
5 15 14 13 12 11
7 20 16 15 14 13 12 11
9 19 18 18 17 16 15 14 13 12
1 11
3 13 12 11
5 15 14 13 12 11
7 20 16 15 14 13 12 11
9 19 18 18 17 16 15 14 13 12
