113455584
-70224696
-967464584
-389032880
825505603
481734306
-261755285
-675931355
-1052394270
461936549
786878689
935559322
-272740209
167208379
-779859909
96283955
-316328309
-110764714
-370442133
1046920294
-970942832
-192289640
-842139878
575218689
559681303
-346592032
-653205025
1053531053
-503388445
13795635
84647045
683808962
1017312762
190924284
-778965743
769076541
-401083235
33020795
-980596639
-379735681
-578784481
880023873
-517918184
222217134
-26509572
-224036269
-755240736
730903942
738940840
-51941045
704082411
841739831
829511138
935684356
343216695
315450617
-484649500
763753493
295239845
85703878
-296192697
-693854935
-304228985
-352621759
570811172
-9452905
-657287043
-904013888
-1050173934
-564141859
-210007746
-555216592
-757859810
345815894
740742365
289372441
-951962200
1059243453
-53465442
860720463
-66439417
-423124855
628718469
-310670104
-561182324
-101806661
-1068961312
27909999
-411794993
300020356
-960127948
365754133
679907244
-190615110
-1060609451
176976591
873673809
-644154671
346704527
897241698
