15
1290
1181
1366
680
20
2
129
851
1051
192
737
200
375
466
542
5
525
154
1248
1054
91
8
761
762
518
1192
464
1310
580
110
16
1291
712
748
548
731
171
676
1003
1221
290
317
842
664
783
1384
252
11
959
78
360
472
1
1120
1233
1362
312
275
1249
9
1228
630
182
1361
1377
729
669
969
827
1
190
12
1409
1031
1201
191
414
31
920
795
952
701
1266
374
17
1076
313
976
772
139
1288
1421
768
891
1359
145
1042
27
535
446
1119
724
19
528
1177
761
140
1012
791
1059
384
1164
1182
1071
959
1002
147
1271
555
918
1409
420
19
177
1311
1119
1165
352
568
277
797
1108
1001
357
1057
177
1117
1197
1188
1330
255
994
1
14
20
30
1015
788
722
147
1128
131
1411
888
307
1299
584
49
228
573
1169
446
259
747
224
15
345
762
1089
111
91
1344
526
6
779
1167
35
372
1377
178
518
20
308
506
547
36
1226
552
928
875
1125
675
742
805
843
965
697
1188
305
1208
1298
1239
13
401
1244
1329
989
700
278
943
878
218
24
1185
145
1414
9
1371
544
726
245
1090
1400
987
472
821
1
590
2
1099
375
17
916
925
1127
737
254
693
15
531
1058
892
170
1081
76
315
1073
1296
1107
0
