488350
25721
365655
670899
1098310
1278821
1027070
1174289
1168849
1101233
49103
798753
262276
1024610
100096
957521
1153182
972884
107769
143113
995312
1134259
23697
136465
347551
272005
625097
1128296
505822
275612
118345
461363
410110
2257
1237734
358108
1270683
816363
435839
829388
1281455
336953
1012637
968567
1227327
92096
1105585
117517
279212
313673
755702
1082027
1020123
1151686
669932
364290
358311
1009809
1195067
121357
1086139
713863
533511
544236
481983
771719
542036
876684
440094
465517
864990
35696
398564
488354
951047
782961
39369
157774
291042
224811
642669
434889
494368
287509
218636
619225
99777
434455
1242905
1136091
1077514
285638
774437
705966
265172
941041
1194557
607969
926085
806261
29682
1073739
330064
623120
586698
1059444
832553
244844
693314
1278511
1090789
880738
928620
288339
965625
83050
938568
477988
826422
483485
995169
1158788
395795
130706
308836
368863
669110
659643
834796
776894
217623
592685
346805
571185
517314
1030262
640517
1210622
1184402
121390
99954
964363
172542
1199607
1111063
655323
654723
1249528
1036398
1038060
524693
425307
555676
1093441
80223
631912
1084954
28802
386057
209106
724569
461684
381206
603121
1109766
1268268
1237475
319978
1147509
499190
1192329
491675
518866
836237
116186
17057
365729
41040
1228965
1228851
1229617
44690
261708
287764
1129704
661778
796969
158333
195863
335267
123366
194867
361321
232600
16579
95511
515052
245631
861602
840813
380834
670031
515329
376649
941719
1238241
445445
360720
236777
427242
570349
255686
879385
1010066
598676
98753
767814
1177567
197490
1168734
416602
1198307
1020978
1217626
75196
933572
208197
456599
377711
1200819
520711
593522
609324
87551
360057
425266
971207
410606
552054
472218
466733
518258
50320
612710
960421
452332
1187438
178243
222977
945851
93989
1164434
843855
63899
71387
186325
1127918
807853
944832
1157418
373236
1203908
1277184
23130
1230553
242119
1252401
452288
200937
718821
280462
230995
873253
734190
867819
1166643
565782
620955
994499
785211
281186
1132114
177818
191846
577108
1151962
441506
761308
1115876
686415
12419
1182077
127648
1078371
1026836
1113220
875682
1278336
267245
1085990
760155
362039
1157988
657143
762067
28336
179822
1175234
411697
317314
661241
504588
1048284
689277
980796
788875
512346
1146033
57865
1111542
1268223
618543
405853
657180
810816
1059534
780589
673288
284260
55541
372008
1024203
843730
225836
314635
194433
679153
542279
1299462
1212510
719643
731668
366767
1288854
858353
1140658
985140
415959
278138
578040
1041760
413062
252206
978535
840464
1152585
1203803
972360
932299
524487
630090
931034
560662
122032
1152718
882451
868915
1013345
239973
650104
993545
368280
719393
481220
16090
504884
434264
598536
1251377
1048811
66805
534557
1296032
604215
755269
744828
1094306
1219618
1258098
393073
622694
523646
1228602
738080
361798
159383
206822
1202866
1071319
498654
152308
1120365
1286671
604305
1271772
884949
509262
259343
1045860
1088912
475462
1204855
502624
662561
564996
1163687
411868
104514
864537
919922
301594
367902
882760
286615
1214567
941796
1268316
673492
780161
147623
164020
1186301
1087317
991998
571584
1097025
934720
1207213
759014
1291313
433465
950744
1065064
743316
763629
1125415
430901
866381
412289
399592
248079
1166901
556705
953008
661731
475933
910900
789488
568655
801311
222218
571657
931297
91223
282266
889623
701979
645118
786727
1195540
610159
274849
995037
510794
253484
90737
773741
538129
1284321
926553
1052462
137636
666483
1170027
1069071
1170744
180188
1182089
398614
153869
1085732
502512
536554
413460
596266
532798
27050
1295658
1199455
981626
390579
450146
924408
246041
626675
818783
83683
392953
574728
712124
594528
1210056
539037
391849
1282656
864099
663670
126331
1050617
465345
298170
810530
413349
1269345
533259
258854
499329
1267203
248796
859183
1110977
256947
87133
1061650
293580
438662
545261
820899
1195097
1212417
1094136
1216424
619319
1016221
1134984
231097
335099
747225
27743
218608
854481
89172
92226
553724
1183279
3494
510211
741435
978232
1139976
1142558
833325
157585
663085
663377
927338
845518
228112
415633
470701
647948
558813
716903
740746
236506
539000
113478
743023
839042
907844
25116
1241528
1030131
171917
265215
430373
208170
573814
1024803
1093476
547405
400110
469949
563308
15223
1199214
1160324
468541
876929
158436
289538
466998
706714
1078736
292870
448055
1038659
467413
98820
1245602
414600
497576
1124551
502523
26308
1163908
494985
1131537
976498
593034
583746
1019037
622155
139814
578844
570361
150483
579319
889943
717692
133755
902776
284391
1200219
571339
913868
762200
484915
1210523
654967
354109
490152
947944
1286259
866757
399370
590615
819496
66122
370270
81342
485930
852430
1138764
904001
1222145
700173
264746
144304
1129722
552070
30534
986795
977573
1228573
1111322
484257
908663
1121264
863163
241004
463152
419671
198687
61006
991303
912020
858787
1024359
603615
399136
1146516
957334
1223552
820149
1066787
1177608
1001617
18094
633560
286126
385788
620877
218341
134541
190246
102688
869654
1156460
1133171
1052764
873037
538181
812102
336498
64240
640457
777229
990069
1276567
1072529
202857
264259
884490
859870
919143
853682
825232
235300
617884
1290784
281785
1054916
714883
507091
144216
1228628
437996
1278442
282754
725843
802168
562571
841269
329935
910881
1238021
463096
1143961
1123013
1033802
815809
1288429
787779
276945
667433
355480
1008271
875223
784797
313979
552602
384743
521024
175596
1101472
1244282
31217
25870
412969
430053
1239059
784714
1098334
740868
89390
661092
378036
659004
764351
216667
1058873
1141844
826124
1259607
402595
238611
1215150
491183
1025597
1037862
51365
1054713
110440
163957
555321
124543
1235878
1236339
2299
888504
370190
535885
625504
430045
75540
239077
591123
1075603
58811
628455
636971
804230
900457
933139
783300
179184
1114032
125835
1156937
49560
357910
620958
884809
1237247
790254
331692
792673
546587
835367
727025
929462
584601
612612
65908
562645
933224
768990
1229847
994974
252168
652852
843550
1192218
786925
1131349
502022
265256
105183
32685
86279
732672
348994
1199584
52081
1237508
1181113
545365
816758
151465
1090101
992192
859859
449408
1269894
945766
65947
1113441
119416
761026
633165
397241
674699
878191
803878
1239136
451494
555107
1058562
147676
929067
323379
564046
398050
223916
632255
1277848
383647
435520
976129
159246
40583
92258
1036321
72685
642335
929936
920833
252850
353401
271972
137329
949911
871228
269642
906506
67540
401962
217015
41662
189058
749022
1240151
55991
737979
420245
1246976
45883
1051484
435445
1109837
180918
159841
859580
576069
475291
1274563
1244767
1185730
1144107
938066
375415
535199
9739
1100210
1233496
976125
761872
296854
974497
296539
315797
273949
201923
195082
791214
1264229
724052
423966
937636
872157
483965
1225370
877232
1237711
186943
681357
1082759
852409
279332
468457
232424
413123
32208
508549
82144
1041908
1025269
1131527
153544
1254033
921270
552450
1230999
825357
459179
475443
353460
29879
104619
1292861
1034059
428452
1014629
1032677
256974
922246
468765
682675
81500
291268
1080370
679603
760515
290558
289389
85795
1092441
1097839
712801
879520
333675
692334
175037
777861
1212472
815944
60956
488870
852580
303650
701401
27484
415722
875664
840491
996195
297796
458922
616187
1007540
773181
577720
162223
923645
468524
578153
350240
1056012
828916
663327
981540
1208414
1138730
989937
662128
1205056
299635
149974
22796
765845
458671
1167690
1205188
1096834
878486
806352
726709
1205934
855160
1254692
507520
164261
1261041
1130159
658874
1261434
1225917
108880
1162098
451822
399177
317190
510479
989826
1046170
461390
1139008
288034
569807
509028
1016488
1015634
152998
1078610
370113
1296099
137909
684761
601957
273011
1282920
203297
249446
935487
208322
125400
775844
638227
163412
766492
1250629
1065573
1241861
613196
419615
39229
1016634
984983
728036
1253133
243600
496326
1145551
510166
347339
765901
682001
707876
63162
981918
1166094
25111
1217196
735966
1193411
506904
229845
452026
456743
1190434
1164247
30238
1280598
1011432
210561
797925
1206405
1217685
116054
881734
518678
967991
271361
1272417
131530
33260
211080
1280686
234204
1043470
796087
1280311
436473
1254267
516821
1299099
292632
1048179
675865
111533
514158
314165
87632
608283
275254
462549
866185
1222695
634948
613031
516535
461074
1092668
565078
157145
1005635
1028698
1176134
1065068
1033171
1193206
1281713
342709
663313
53277
1261460
1156331
1110037
707875
184779
1278192
1279478
737558
413602
794598
302430
905818
791186
1244955
489853
407599
518546
1158981
1017731
34942
916354
982176
974701
252014
941596
1186228
122520
27812
806995
718903
797792
405517
247130
1025880
748974
946738
344158
374801
554631
241544
1015894
216230
357540
259309
788097
1027404
649676
559224
1187535
105394
1167384
485108
376062
971282
1065115
249868
518970
521785
1239628
721749
244523
897091
329463
434993
825622
88965
19916
1069770
1118650
415576
1275655
662934
379366
1103261
215160
686218
1067565
319661
675775
469922
231790
486717
134057
1137574
843650
217950
398862
14377
752066
123761
1123878
1276364
80878
1294308
1088835
236132
884770
1013196
643280
389342
739040
485155
499791
720153
800708
483442
955717
452439
735880
211392
549450
86551
1161208
286188
725967
838955
1245384
1258329
573288
204957
837846
432322
888322
550805
380721
362069
379842
849406
252499
237712
896842
1158347
594604
178532
21001
1055669
697000
163348
411765
79097
893707
230530
658751
359293
642385
767118
343380
69609
207530
1103838
1083741
1280667
673856
1210120
693826
1192642
322886
765409
652632
1259308
1144775
450187
355555
797426
737178
832975
130544
949
935411
362583
638918
508291
41720
998631
378073
179089
781204
571798
707734
2830
287221
189355
444797
106379
1220993
1012609
322256
384719
613830
666684
1114677
911884
668772
596838
1261837
914184
785578
771633
137473
366784
827572
8336
859066
1180463
157743
972159
835967
1093072
1063595
222417
225965
1182034
839112
752152
601662
29419
1244067
497185
1214607
780894
253488
1291520
915056
1188381
173250
1046313
795254
418676
1206115
777305
723988
1254730
1107998
50374
798379
453030
481108
168270
909071
126709
767579
392379
433292
469449
786074
1041272
686685
915166
443411
1158037
345120
562237
96177
628660
275904
991853
1073903
710839
571331
828471
1226730
988209
64738
626755
25634
363030
514494
986571
1028056
1059860
159515
88750
599096
841754
545493
118482
946197
432091
1223191
591694
71778
992088
4921
724349
361485
427193
1144227
705916
1279098
283649
156815
737656
332462
529693
214274
1113642
971840
1002585
736213
741470
741199
282645
219839
202186
614461
1151282
228921
302140
120877
877149
121557
987864
503759
1051115
351873
760925
979418
239394
1213842
931928
458247
675786
994940
149487
1232883
51044
1243934
750459
342863
988373
766825
514077
963406
767983
939479
700993
857909
439704
243533
753990
260172
565554
150407
64434
630468
143294
653638
539112
491695
113661
334462
525672
574464
821881
780142
918409
585301
1299136
625968
663814
780814
1168558
267178
461217
1109876
847448
405531
139615
20455
1183598
848726
330857
939435
422947
296157
822731
1086675
122518
513204
792589
1135488
1013475
704714
557636
340682
731732
714234
265663
730669
79218
1165770
446340
1112150
84302
531079
196323
457135
90109
1128742
694102
299516
1053322
242512
766438
1180057
1028824
431426
279759
557070
955849
393314
876769
121985
178345
1260078
147809
1280625
33625
1273248
1253383
430428
870984
499268
336997
320334
464210
737582
701811
1188387
97157
521495
1060702
208463
1060193
606674
1158529
1183203
945298
45878
813857
1259846
167397
28356
1141796
1207034
691738
680538
1004554
490123
648614
266176
619783
485087
1294687
462519
970232
412412
599009
153127
624944
639611
983519
728302
148012
967419
466131
513404
347968
460077
1180156
35550
754453
906163
187750
774938
223035
230422
179830
721748
988117
542225
263554
404074
851014
1049419
1270068
966640
708836
719250
845995
655535
214579
1101151
184417
733289
147848
709174
1132914
754441
1100461
793449
599952
635835
624409
69723
665850
1168514
394050
1083109
516656
128240
919071
1060414
87237
1262296
1081086
261581
574740
917189
1141024
1022919
872824
102782
1125429
757363
298152
358192
143609
481900
43930
118871
596304
320662
952215
281135
38025
664617
1291767
822639
605727
43189
699912
1104124
535270
213940
501929
1094954
109606
469230
454879
889194
1132131
327236
245204
1069346
935026
1157473
549430
1076820
582537
1287219
271605
187280
258798
941763
71862
710113
273898
919423
1296730
389938
436549
663129
984925
451522
1090565
699573
1086067
564451
1262947
1203733
602072
567292
319743
231060
951834
914497
231778
134812
42514
525820
1173144
437224
173889
921411
425848
1230587
955897
757727
37379
402331
1045080
135526
1193725
599517
614178
274409
947729
672746
1058007
999594
1172259
158045
538634
315083
20002
1096059
166506
424735
1146501
1179873
442655
870778
412398
561712
1157615
335516
1068416
1055020
154423
1295809
497254
699104
712192
358064
1092712
382777
465690
257658
1188485
784405
279646
434087
352780
27745
822931
468827
1003066
1173429
352641
511544
158986
1132731
492559
939374
1073788
1052224
862161
459032
427224
516557
753509
260918
838351
936035
1297906
624055
991652
56426
1034872
1082744
1211247
380256
727095
752410
97059
391968
1065489
666120
916105
861439
1157866
130046
403717
503331
547721
975737
698029
1025922
1021252
1155681
1065898
1029340
1044294
1200227
230356
903265
732745
1255519
782026
1254034
1239973
837082
557765
405493
1097464
390293
521958
1216724
530664
871966
951974
718145
1276799
1083040
660233
1298668
1018591
817941
898963
341409
741166
1242991
617085
943447
6180
429313
1031821
953234
73008
604099
522503
87681
1281490
46422
1192932
423117
373599
1019893
839621
1224937
979775
95515
1010322
630874
624818
1189151
698015
675138
138209
324658
1119434
857631
1203893
1119118
1208633
845619
1262143
1030498
344157
827360
240280
804282
409203
287630
1281316
115125
1064771
89911
464388
837670
790176
3441
1253458
1007586
923436
1215963
1075736
815883
288397
611713
160066
320833
446701
845472
737326
121777
643564
581313
424703
282522
1093465
992321
509605
472120
476989
621758
454042
1248651
153520
803802
467522
871627
544117
828790
304520
820396
797552
277821
1271048
776749
382122
1145863
143562
1079552
1015493
1282303
641461
409373
839315
489050
1230297
1123689
261758
53037
77172
405081
1127302
781104
446546
1227637
562279
1218456
989234
856961
1146925
495737
295668
851213
450829
183371
1110582
926087
864256
608090
760777
240622
81496
274704
249951
1164464
274046
280251
769403
349982
1281788
959023
728342
734395
538529
277583
346663
300232
486885
384782
779291
1180884
392976
473987
1099957
740926
95962
601974
863364
823150
193817
396467
543816
5191
1184127
584920
365174
764003
398273
62274
1039458
137927
1138497
10420
168663
9336
701
760601
1290128
1080882
1241157
505563
553783
32864
1260114
1266041
902742
789498
1265631
791667
1249692
1139927
503634
1179916
845362
747069
675218
515051
216756
375654
1270999
210849
529311
855737
303074
723340
935896
1276516
601001
1010811
847296
539693
591019
469186
389468
295258
592411
521
127049
1213609
534604
485040
533101
1168974
951463
353839
688227
905169
940523
240975
120808
274583
543296
133328
787490
793368
814122
823072
134410
848722
936214
436484
454261
621244
937766
45340
483182
276697
654310
1009521
471677
78421
703075
235454
167107
572034
1075244
1062286
303049
846302
1211181
317845
74742
1129802
207832
642285
548526
992588
1273886
516964
442852
736200
810587
577732
384492
995969
123328
233607
849433
138915
1207961
97552
849670
926924
1164366
1111578
398325
264982
14516
863757
202015
1203617
262179
85593
433133
1054637
1254257
234893
795562
624458
690252
659206
111424
103284
449654
346121
850834
163590
466318
1175769
365276
709275
945142
1284513
546305
1177091
1132649
563925
1200884
158131
1169076
684095
1266741
860697
757135
1252286
732659
1172942
175428
572128
318103
45534
53881
156570
1100941
295154
1073730
293788
167379
1239739
361578
1063116
993648
795491
471621
554730
140592
758915
675635
473985
108823
102485
674743
1281575
549373
1176707
569823
601703
432830
1261453
443393
884823
569242
450680
625965
1139334
282909
1149899
1209958
1141921
735924
603528
138472
749198
1138136
844530
721583
284488
229026
37985
1101114
665191
157409
1066040
786890
89363
525141
477034
753598
161430
347749
1147360
462206
165777
102843
455024
563232
665967
1044990
155852
312323
735317
953179
1139371
170478
1254983
627655
740537
273211
1104391
955362
929783
293909
602989
743430
597278
74339
694026
1160556
948530
2511
1204318
1230094
1106280
786970
920795
352669
1154227
887643
1279890
1189765
121632
421954
965691
142880
1134233
1029498
393682
172964
162199
742555
897605
988624
1288463
547649
23265
300928
509846
738677
814657
356536
1135694
698237
1238761
620128
360611
1128329
771281
251064
1032018
79832
639544
116518
1212921
600226
529982
383590
924899
834794
751116
599347
331257
396011
320184
1142821
379442
516651
175846
977562
1185566
209415
1297775
246584
389396
93998
739773
388461
571108
439874
1222446
866754
248729
407332
825289
1062671
234558
80734
696824
687912
509818
779495
837926
808905
22114
489292
166653
1199538
917143
934000
232073
708338
596778
755488
58421
637530
1190923
1140376
78703
981952
148949
769984
925632
334838
227993
211577
1008519
802729
527022
1284169
800367
1235499
118547
1019118
980505
243254
534731
1121840
998136
664376
386508
356092
505974
275741
66211
725299
1241930
747560
1179645
177794
1235483
525892
967644
454883
1074363
774553
880268
153175
1251462
1252750
1291288
35502
851982
119674
914981
592038
193410
882672
1008270
683997
522429
385355
501925
45758
994486
42359
622091
1005609
805213
1072393
592269
1293740
1023437
331470
939461
572834
627422
371169
627911
101132
668887
449420
1223406
654169
3734
367537
90662
381040
235310
169149
943117
446469
35367
960782
987494
862675
54833
373460
793827
793111
805729
307662
684522
351131
627928
896797
1293915
626841
1032824
1267274
803506
423205
26334
38124
687725
450964
591624
716293
378902
287765
357337
1229086
669998
240014
390510
1032032
836500
772657
936519
704691
4670
825775
1111659
538180
700662
1279392
767942
822029
893514
966483
734024
932935
693511
567168
1032196
294564
31712
264062
7911
1243637
743224
311410
599769
1059838
599505
1121341
929980
1232801
909256
309771
1098059
974760
244889
756558
1134987
424871
170288
407640
900529
545192
748351
406048
274784
39720
408626
1103500
489143
73426
981083
185575
1110982
1023469
1026557
31600
458289
1264207
35027
353295
1201756
575682
1214021
665727
945666
569163
568992
1218666
201372
389559
483481
991757
293454
173401
779924
1091122
970646
358793
1132498
1087972
285560
1233220
76223
826376
588558
628470
25663
450519
735452
46454
25268
1174908
582257
499167
83213
650998
787651
634017
800689
714681
522881
1042125
887550
172187
865836
504439
1038480
1097024
37683
363511
561942
1120369
1185632
528679
1287524
351558
1231010
284107
374414
1216758
870196
674761
248470
909107
665441
218129
1177827
1045307
1143788
327379
849458
1203224
259822
106812
205132
1037968
1075571
430005
824564
721398
89283
859289
268840
418317
1225256
607454
327522
120845
511594
309188
969746
838359
688169
987632
689601
1089031
638704
164167
1195876
230044
188073
751401
280020
585
108443
1027555
340213
586937
1180377
654540
773961
443917
379206
850775
881849
281844
342908
1159713
273717
834296
256856
366024
1123768
991354
741909
303226
1117945
937627
1010205
323568
945588
1239138
306789
1236026
165085
589920
444014
259913
223922
952838
180744
946701
163567
1183890
924431
966412
651561
273358
426689
100941
56522
425626
669099
1205723
1001110
901581
599612
366866
470358
920659
1102346
873412
677093
268561
249022
87894
445650
462614
972310
264188
636108
713039
1298192
1146545
537105
731051
989249
1011652
1087579
729828
141427
121260
453979
710831
82368
259500
508555
485075
503108
921051
249098
768392
393005
1152115
348702
1255452
647897
10595
81623
908680
1071515
514461
536052
266431
414980
1200469
678222
491428
204755
1126210
1222313
456937
87021
477738
1101103
1066263
471678
505090
1231839
1286632
99984
74227
1237043
1225109
909658
934440
100855
568149
43608
1072344
336357
1201672
1192802
1235250
558358
771136
462994
505456
443217
212920
960469
160824
1187049
566407
464647
992356
20702
431316
1258896
240128
1004402
1021506
378107
1035882
1086657
237091
1296604
113919
980786
1274712
121208
291814
922346
232895
481404
1017808
1220498
623513
1201138
1032452
789436
974042
608552
566687
508808
1156577
947815
175572
287552
384348
428283
894262
1148131
1027153
320784
156847
1120029
59257
1108295
594007
553354
882426
801470
90975
161316
45574
314226
571737
104656
1144279
694863
834634
748199
56139
775684
217957
125506
667748
1198528
1225024
799733
470409
11075
288821
1157337
1055427
708055
221800
599534
105601
673939
612724
29159
762601
591432
129092
137859
21572
269743
1001122
47371
5489
661128
90289
731897
775850
1202148
586105
880640
235800
692456
589487
1035301
46464
1004089
941923
564865
312182
1192331
755782
516975
803370
886409
394810
831000
589281
760311
229219
919959
753562
230655
778051
1000474
421082
566214
906965
513342
903769
596981
1127622
1266049
1064620
2306
1063180
114882
898855
298353
1128521
786089
118394
232421
943157
170404
291708
787357
792557
665827
938562
776891
1297388
438083
827436
216632
461446
614590
140933
1219961
1267923
999329
449746
496743
809204
323815
525175
590752
324578
89088
58574
401425
971874
821925
1254501
67836
713441
690585
229262
726613
438215
1030985
1018317
126824
293698
245260
160107
209545
686563
777223
105068
743049
711770
997369
1177520
257360
717701
888868
893330
544136
1237301
1043882
396212
368579
736146
946459
1063126
428682
213694
425852
828850
1020384
1054046
430412
784338
454733
574760
915417
1179711
930999
1138409
705642
1065876
540041
939762
919941
344204
676
921105
579658
945328
438378
24720
1066119
1141582
864220
492516
723284
50345
373295
1189575
559712
608278
76034
1023796
846435
930052
630298
993527
107134
420641
1184484
907071
655127
521812
670325
506737
215941
426565
76968
849308
108748
202356
767439
866550
352943
965639
1100234
138618
318763
511247
751329
1213432
457688
1238033
1078414
1197812
102737
29310
1153100
729773
377897
668176
7227
1178849
721706
637023
779254
1187795
790788
855477
52315
59144
220005
593214
1070238
686514
173732
378208
125860
1281058
730471
805995
838998
61823
1120508
446552
704246
242491
1129970
1219331
205257
47226
1200398
792037
857723
367167
704384
988697
299999
74125
193151
1288185
865306
169773
984750
1156658
672615
750828
1086612
734776
1072681
50588
795637
1135941
26052
1063141
754312
1001172
1263072
1116431
840053
1174612
432914
602936
183964
1190564
926092
370115
204646
727266
18893
588445
1235621
1198950
43765
60089
854680
755294
264360
795086
992514
655864
1168879
1054498
491910
536066
232082
20569
285496
838284
1295548
249689
999658
921232
1054780
1273080
339352
738616
291966
948063
24663
463582
925296
1058849
927613
596097
1069302
788677
554205
669111
469369
948674
228853
649099
351618
1126660
444745
263604
625323
251291
617547
895802
418616
912093
199354
1092317
968424
1218524
405060
977557
871968
482823
1288420
581320
1089146
649663
1027146
534985
26946
171870
1292718
1101108
338896
455139
473205
272734
1052581
968451
454796
102092
366131
302024
1064266
162189
206569
264052
363932
860064
651083
1181161
65709
1115155
322673
525431
387868
316758
38691
442721
832195
579370
611313
505092
511414
440893
1243804
539447
947484
766326
991103
963949
203624
472827
891121
440776
1237861
299010
206307
724411
1067633
787659
883709
1242618
1022106
101509
803655
703001
168496
1092696
209879
547504
1234133
975018
762546
1054961
1297354
440678
84668
494192
6549
21523
999077
676397
589863
1113674
405580
1067389
198229
1073347
1182129
1115382
893049
207700
567636
383970
1172365
373070
842012
374164
1120311
526247
106878
158950
255822
765690
783247
758199
1182195
564125
544056
485828
968030
688977
646600
544612
590489
1278214
537728
44313
642127
26094
962256
967895
23599
156309
1214226
365124
1248652
1039584
1027429
862232
552324
896500
1130028
1265586
365043
1241197
421740
99478
232056
87545
1013224
305505
416292
648484
381938
817915
195888
153594
1048487
59235
211978
1052894
1181876
1135824
27101
1268340
331804
185492
127762
415595
391757
403208
1096448
221412
398940
263892
853044
918846
339046
994898
687700
792335
779238
582605
1210976
550081
1286489
1131589
1206185
830821
444424
1189008
630743
178072
1074928
571157
117171
1061530
717417
285794
89895
427647
73792
1228877
333263
683443
445342
408824
624587
515949
1027952
914557
174121
146361
300838
58481
1020965
44394
518577
352922
417527
387054
310722
1257183
124127
891179
461781
614926
249337
860701
942961
980495
511452
486325
451301
1142693
769286
504910
278915
1265676
825669
629271
564284
286567
178654
710712
1157162
258061
181344
892474
786420
88762
1247457
491709
560710
761527
605436
118968
447896
952463
1183262
703367
475771
791546
302261
803126
206790
905564
710144
1203757
69492
175634
708635
149689
460925
976605
210422
937103
919052
516661
484102
452543
249729
622034
959270
272136
244648
257338
792536
679190
181774
489209
153969
884282
1235553
1081932
15246
1020399
502032
652201
27731
1267441
520297
806910
414748
333207
621552
896485
1068176
742423
1287292
137222
1144255
860953
273944
1296856
1295033
323181
814842
729156
799155
1044219
287431
947620
716750
696337
864656
45349
966607
977009
556368
131995
307628
675471
6472
846506
134037
921081
655601
1156999
658302
602834
899402
922731
865633
801901
864285
404922
814433
893999
652241
355036
495889
1112063
184792
841750
136686
149063
950735
809314
679194
471169
37493
533229
1187304
937157
391989
21945
529675
329305
478744
295291
1070740
1095665
1185597
892468
284024
1266364
358872
606485
1124724
991635
555593
585403
469478
1067708
930934
944476
611128
712813
767985
222124
348166
909241
22124
963855
1210460
513540
1057265
137764
1038198
655846
807430
798950
990704
645954
437349
1075168
480605
792164
759518
1100449
448490
887398
771569
612082
123618
8975
668317
948328
370844
65388
181037
555874
817457
1116674
371130
220276
1001742
429718
280118
437345
1288279
1279576
82090
238229
1076715
40642
424699
601309
381277
996865
1117758
152257
536323
1186818
1091988
678792
463649
743358
1261949
1291467
951908
946721
442906
568751
849444
473009
1139940
1011960
1104317
783796
249312
1028380
114401
716234
59441
353511
136435
704075
494861
520157
1271541
935982
99977
65426
558571
47240
847609
195745
1285476
156802
248628
755013
22115
1012403
1180776
167819
1165534
683155
579392
1121429
173214
304654
405863
786423
920054
1165039
803089
308375
1254070
1067123
629265
463839
1140317
485801
635533
1224855
792529
348626
1066608
441808
969397
1170420
500421
817898
1090970
1263787
369619
647289
1124138
1239318
802986
889852
82812
231397
189746
211825
1144127
661378
491867
890614
182496
1295665
358592
751185
1210951
415516
292363
73473
1000837
238641
590906
1088798
1244207
703615
111384
1039641
122459
1010727
1273742
13706
710982
641705
658617
70845
344829
611992
1290877
383151
1285596
931584
591971
110596
168658
431125
543584
816935
748676
1260883
1083206
1242064
1018266
409272
29592
112311
1245150
1031081
980101
1073568
162624
481206
810152
757576
778775
1041899
5856
168737
676325
1277697
1237090
905364
679775
92854
956484
954083
274169
9913
588204
965776
629270
979606
672928
631001
1135996
247871
346327
910981
52838
86711
655252
690599
959269
1196747
196651
1124442
276678
270703
688380
969933
432456
598146
335532
146757
1088640
524908
580727
47346
1213237
152295
154176
402151
600572
934683
676625
163169
637946
411227
787247
1147222
460995
506890
897609
323063
901625
793001
418460
105371
1106909
956063
839716
1178052
489534
1197213
1183699
417724
965843
589215
1034826
540589
468922
1161087
436294
32722
718112
892690
772267
952347
811303
357000
540781
230190
1146803
6568
1215856
460420
160135
1102769
1247331
941367
177468
1167567
1081876
873483
1087810
1088704
560401
1089061
408355
984793
264625
1191974
1063373
372753
1241892
443886
298037
397408
914078
1217206
561697
1005282
1198782
657277
60350
1096368
1227138
786421
516905
865116
496367
574066
1039979
194969
713591
518011
1256250
899850
811667
478383
550700
138172
311417
1076695
770832
600089
848775
866874
435345
1285341
558296
653275
878387
418685
1109139
1032259
1056448
257863
1252676
1091642
113609
823074
313754
1071603
655104
51247
1064248
1291629
1100084
711959
227286
826360
940150
337026
1292963
837630
604104
877045
1039741
1012925
399655
974088
445101
1275622
332538
603918
22630
41667
245251
490222
1034812
932830
389001
58517
797786
259295
963754
197860
118380
398153
597283
954139
452248
1061686
1070334
1247711
749812
85787
934016
203211
268948
185233
1160721
233997
914732
1105521
688012
42745
523871
45184
1237422
1292550
393283
92239
731829
222585
418951
1053999
306131
465177
28214
387225
1096464
1050969
74360
868706
223073
766262
1298643
801407
212159
881689
1170812
695294
1202533
319535
435851
1280300
756977
145712
707019
521873
1129136
623372
748271
237642
1134567
304042
1148997
807446
1105940
729979
292972
1195736
780229
711796
728906
407049
871352
14853
1192891
1050240
502253
642882
989647
572728
629686
200743
1268928
337160
1079972
369186
200505
1124213
143560
119817
300084
915899
927728
13786
829048
722867
462009
85157
1013344
1113989
394788
658093
748321
818800
204001
753851
613780
20946
658693
333580
267829
786341
478071
271300
949697
1278241
905898
124637
395560
846175
143482
99891
875886
1037627
160199
98660
1273204
795724
1221210
1071928
1148903
848004
728420
1011605
544293
894382
1018350
1140966
429569
223152
666383
1259856
102217
147725
1111932
121408
164085
614268
12047
893714
646002
692586
807476
1052903
26959
1046649
24138
699098
573525
834264
537666
1162706
609325
1073710
1258310
1074633
1121650
1114676
637487
935148
911906
358459
94514
324329
247553
914553
1138500
1154533
1055087
478589
1089622
721209
492847
972878
139075
816172
257865
427546
1153098
32644
200281
440959
292702
724434
682621
1103497
188218
536202
738088
117342
1212285
954717
1022080
649748
774652
17082
1135406
1280066
379555
795147
543387
974106
1156089
62883
247945
89631
1171543
640559
883704
1239794
25194
1137658
901022
70610
107626
1206819
648438
747459
1022806
52355
996632
312649
1033916
88796
1065231
150384
827882
486345
829773
431572
34000
404010
979903
487668
439807
470694
394408
538434
1290064
1193145
1021460
647799
744137
257027
980694
1277104
736900
294430
637511
649913
1272040
722706
1246448
391650
1026685
471726
722647
1255212
402446
1172368
1016891
608619
1280809
1005981
489361
784293
784441
1277296
606448
79083
291366
620572
204327
1244488
1139941
1026641
446269
807237
419951
206442
149479
509861
343896
327398
495185
505067
654520
675718
112620
777977
730242
666597
706733
555850
145472
263638
670443
793687
409960
1102393
389954
413895
299781
947354
950221
552052
520258
1099305
396441
61271
1149452
426574
175310
207739
901673
117375
451044
406098
686307
823732
747042
738272
404597
38293
700366
1192071
915442
937002
1106979
525150
291168
875412
566664
744585
809549
414997
1275804
29168
1128423
478583
1001452
1246474
210595
618323
476032
191091
677421
1259514
221502
367623
199859
527105
703559
1273640
1104230
1193350
336497
870496
127042
989980
106190
831323
992081
1098469
238876
68878
848646
944434
1275528
1060519
375133
655341
37162
551255
1160462
497088
166817
573936
281584
757927
834087
1191607
23914
723326
428380
32671
1072013
1292658
880862
1136409
1131190
321667
558212
1208251
930458
508110
152241
1211779
58014
570860
830274
192516
602794
940491
127418
1086114
447164
333807
599391
100730
529725
951516
303501
857374
634784
385574
53614
762417
49418
1223955
971156
31062
609063
1067139
39587
228858
434257
1161789
492765
971646
797569
587923
48169
1242169
94294
20015
745970
530026
720425
191304
707840
912464
750865
1268673
172897
438301
360114
28099
759123
1212117
487472
668280
716149
510968
328438
692595
1021725
885397
127368
1245248
114897
1290693
933625
317654
1194992
899582
270838
371458
1226706
487896
829325
853977
755524
587904
136966
1251647
1196933
95229
509458
194938
1172739
727897
992506
1259021
822210
1206101
174459
1217600
513931
895563
409953
108270
798736
859366
997363
607103
99900
1015120
1003567
1011890
943276
382958
439518
463936
114144
84326
237008
471370
1225864
660379
203773
207830
427321
664448
235922
864817
1234060
401717
766082
834
1036262
1133598
979548
1147517
665275
1232334
502277
1187349
469331
1210453
285985
194629
1002461
1222740
340963
1044622
315724
683192
49270
875896
1058598
64717
629022
506604
925459
983972
3588
1116732
410280
701068
1194727
1124713
33915
325831
61995
1089500
989662
483346
864302
1096780
1187012
45740
602742
13643
219459
555617
964425
963903
568389
302318
488820
1136730
62289
1213430
54015
1164740
852740
196781
276171
966075
22083
297326
1194003
38546
1006663
1178624
20402
546755
903791
612641
1120225
1238796
1287678
1105759
711921
663733
214740
318177
471721
279651
1051246
1023135
511624
950361
1294135
346396
415396
630839
431877
1216915
586933
1180708
678606
964641
702848
293921
640609
763549
1025885
458179
272763
1270441
514463
57191
329780
76589
181892
287367
305321
1067253
185453
450457
1208425
55513
749502
1028464
483074
77895
624164
1073286
310875
395
293139
1202410
938644
407914
61462
517930
405438
764271
1058422
1247033
919979
144110
327563
80377
1073790
36119
223061
845750
838701
75682
1260466
235741
1240408
288727
571414
102882
418805
402694
54116
921787
447709
1194745
998425
1003418
1021878
101104
1208841
479422
384011
223153
887140
122716
678003
7509
808364
316680
870364
1032181
1020593
662471
828602
1256962
18992
1136413
703227
713468
1073765
185786
479126
489952
801551
655375
1140169
716498
339068
997689
698786
113477
926837
427325
1023286
26716
321096
271347
1241710
540503
217711
699833
1051567
638237
1019667
541672
1272481
844597
1248849
63888
847932
533302
945857
1290336
330298
904909
831358
272067
464746
440128
1201179
1034224
925899
8514
571004
1027305
90366
594259
1257302
983160
137783
926680
457798
576457
518690
1154241
561905
60776
982039
633767
543685
668472
425670
777149
458045
938494
71671
351514
1243703
718565
1203269
515140
61907
655242
227527
270019
1054099
130975
884159
1183760
45021
808377
1126343
611805
566049
850526
1087760
630583
790457
1003160
1275164
22085
833151
523303
989510
110745
1004922
331635
296395
39038
737357
133443
754844
605400
210804
1295290
982247
464681
780084
277414
448704
1220111
824007
1086186
1252489
835036
532016
988016
90070
34201
1164885
249879
860452
1023122
1291497
1119055
1185827
962066
280957
8998
1189843
1064073
583221
173700
1273826
230012
736230
174614
547340
82972
45352
194389
96394
822913
1140028
196254
1076910
1155074
1217925
1067383
655776
1104832
242829
804359
1207408
588265
696497
1216756
726313
713791
790074
346668
824409
930716
521895
1138646
351825
537162
30536
1237282
987980
1048415
772390
381103
1275213
229379
1013584
308946
517030
493383
112859
317484
117833
81370
356220
285237
888781
1017856
226246
161846
64371
16800
574460
402079
1159182
447758
960195
452550
48595
441709
94839
520836
791338
145554
956558
454120
1240921
47483
1158391
574078
902552
1138928
956040
942241
753909
1061566
674142
804507
965563
969676
608047
390299
176541
815017
1073417
359468
905812
890584
292025
959044
1152011
713336
467004
234794
566967
829992
502487
379119
57242
1055485
792899
274963
591820
41086
269848
80393
904710
865284
843851
132128
249472
73475
239289
1269297
657279
1039269
114252
659460
1094237
81762
571532
596151
183182
1233012
1102380
1297015
256257
1200843
60622
845390
377093
1058955
681147
1101100
488221
1291830
29938
660721
397787
441730
894071
656243
79260
849687
173961
563955
905200
485010
275001
1097058
23000
13113
1118854
116400
371232
731835
395933
1051839
1245540
369475
1185981
350064
7890
624739
531474
759557
25706
968999
50739
888920
828170
475694
551908
232170
1098640
435983
648170
479631
228189
639497
1035001
871838
1134442
414961
558096
1178244
147524
868184
633553
805843
556418
1105276
134274
186417
1238813
576832
120099
1066170
88540
207278
1237435
98211
447919
18232
391381
1153124
1208476
452699
353428
659795
159661
538100
224456
459025
370039
440697
301439
400237
1263936
672541
217214
89144
282637
907764
608623
964026
57903
734133
287052
411503
521678
964986
705206
1261170
678713
733105
307938
740269
543030
1004975
917427
1287710
588496
1177008
159831
322560
541087
621240
1085141
364054
378370
264980
38022
716378
95069
597790
304650
1175941
1234334
784333
386209
864183
481687
396426
451719
819070
981788
1003162
13735
817710
154907
854074
33395
427812
570837
1071794
590667
669334
358340
555895
48980
377786
339868
1283713
1102657
551031
40736
908511
333372
1034443
438563
150792
572369
511523
1181707
256099
329943
673733
254830
903156
154519
19016
920567
453466
527726
1189788
399969
926663
259902
545667
668599
154179
106469
821182
829519
101456
354668
288851
255582
389633
89324
862882
856093
164163
1218827
281196
1197242
568875
590258
669220
690412
1125287
93502
1293879
24412
351612
1064137
529075
459498
1045676
1003291
860730
854116
149733
84318
321052
153214
172479
334103
615708
875392
190973
558734
471275
155603
530387
461090
197424
120008
1248687
712456
1000215
226406
278921
409553
737344
937523
290664
475369
1198719
82442
945048
1194104
149544
633852
344034
72339
633626
921006
954565
60515
305490
1035566
921157
1229371
918914
998754
1180345
27263
1038807
1077917
1129650
748873
77797
557505
580542
539017
1006346
88858
767486
1268333
199144
1177916
1232916
18895
807882
977195
779157
319493
211627
614933
698331
326397
1005985
749149
864437
265050
370276
1280843
1038080
861508
373519
529377
525917
624252
237918
1112357
487464
989073
88256
311866
118885
958943
105451
268933
262586
552119
225817
1237942
1246883
382966
509537
542588
415741
194223
941646
868387
127545
357970
615031
714206
355082
563333
521277
1067496
258128
919244
721845
418015
105381
196931
985883
321183
781910
879296
388889
1190692
538960
396603
1106347
484536
661793
644966
345447
68551
323153
513619
114422
1172702
476305
608310
414023
1191872
1283292
1119629
809867
98649
381122
31067
716647
236086
939601
814893
397430
722178
1009013
602696
263312
132522
44375
310855
1180323
1225942
865405
513408
686801
172402
749839
253124
562656
429094
1295821
1035924
436184
164209
472354
459867
513372
1149161
755743
926181
1156942
1023068
1140019
660408
1062450
554377
396266
206622
336365
232747
1052445
1033265
468851
25278
865727
916796
874165
182020
1242863
795072
654108
301618
401581
599819
669347
335201
820048
197708
117495
1008378
86445
607736
710705
885955
621415
350898
993628
1019917
1238916
1240358
650958
660211
1258516
1293302
771700
817278
1170834
570881
751936
1103279
11150
21101
1047018
705563
611550
1053497
1192310
1192756
575630
312357
21924
32320
395361
844283
498984
97783
94428
105191
91543
811996
1294826
376027
161062
510315
266353
1068953
841208
974027
452431
1087612
391842
1024867
691174
127968
745100
587147
506832
421370
947086
1000849
525154
574235
1293180
32514
572231
34692
1096100
414186
609985
917016
419682
204910
663780
342176
327660
368877
664612
539315
535701
951857
1032890
806312
994726
641951
510431
625908
223312
83171
56068
316221
842855
774741
683076
79986
913424
733957
271372
1184596
148242
569682
378000
492167
1232474
859771
1054164
184218
498680
568657
1076741
659319
1027770
148866
857332
1140636
857947
70354
976713
905930
888199
541126
267065
112392
1065151
561610
392657
707959
1262757
574354
573339
887945
890617
1131121
466413
517837
1266843
829192
73229
1229521
63057
684928
809736
665051
346042
967310
335463
57559
1209124
1034763
989880
603017
822418
584242
544577
694623
1180913
554883
486227
198945
1095989
633345
319840
996325
130434
1267644
824506
573548
742077
839724
497357
764926
985967
390753
185684
1231931
549122
138215
419414
49980
1025773
636111
56860
1004575
993516
176473
479016
487363
1069925
147984
1068435
299692
1169681
927055
77427
526053
59045
252534
199884
677673
272929
1158845
67862
529498
534586
842294
173015
1288285
952056
1030093
1181926
538368
1103630
388361
173307
921605
488053
1077331
1226711
350501
1272114
1225046
590019
770864
721952
150450
402356
44914
884049
21051
810990
894166
622050
795335
677107
985118
153078
1184848
182936
97731
835467
1212707
1048330
142867
438609
1257580
1234485
403702
27517
946003
1147653
1107725
960324
722952
106409
768342
958479
121389
1177930
1230915
1107126
326431
220484
151021
98465
1257001
258758
1062796
477898
212829
151415
34401
1047588
28433
1188310
979664
790040
170795
1197486
1283516
999461
118777
329242
550117
660200
1287385
1085708
554053
1205415
960736
558222
984246
298096
971617
392524
468980
542189
18506
457250
12364
310548
662972
805858
534261
1000589
88896
584363
1235608
80666
558769
1042286
881644
328203
236028
301122
744460
1250024
278236
1144327
15303
396876
135820
685607
964269
286508
822925
745582
818844
1190419
1202081
605443
899042
945974
209228
665970
685336
623779
31431
1284396
698575
107014
11487
881972
525464
1149440
32675
467744
290634
1220635
883075
75879
1061344
1044598
247916
1177134
926076
856924
1268504
1271409
341688
702908
725849
597124
246118
348095
752572
239558
317590
227541
169
351533
906775
981286
1006074
1073966
746916
701428
259396
75187
537690
1271940
558473
411809
1173733
608704
197521
88128
151197
405444
1146210
1001051
214032
439793
71502
1273050
171991
961514
144794
721004
879326
476090
419441
1150329
343544
190849
733665
1151012
573003
793200
1149744
932005
1000527
1143539
1290099
264256
988858
70479
354026
1077989
1131541
1112341
773005
1191543
1089536
671362
569840
789825
525191
485545
82315
350543
671021
378477
294970
778323
841544
174296
773309
516747
516004
853579
736492
765531
1019870
642097
1186379
1049162
1022010
943982
514764
995741
1046808
851793
98244
246953
1109389
395183
1032296
451526
834118
1186352
1068017
1019122
203721
207111
211997
661624
33265
403247
444015
460960
414775
400402
1170646
943325
909137
747666
592566
1232770
1167191
151145
1238233
1029210
913388
220438
765106
73647
468766
228378
163385
554806
894724
1150574
706128
1081461
847189
337092
908667
1270639
529400
574588
509531
456583
427561
789412
1087092
127681
411912
1100730
1276124
1249050
1024320
922946
128925
1183066
646442
315877
1018041
344865
445748
284356
481134
270353
896174
601892
363010
551575
1072348
1108391
928374
9333
452912
362186
645210
346281
494718
719205
1263804
1094644
603050
406576
218722
975753
1259929
88738
830645
1284046
275166
850624
896195
1055876
353995
1006474
106781
331817
1100501
921608
610205
741044
870944
998906
1201504
454397
690004
694238
9779
738830
19709
1289256
824891
78641
988101
1133222
805941
1257878
131113
1174737
766076
213162
176120
128133
266069
339297
1138116
725882
1270734
1003490
327791
5903
567893
133718
1291005
694608
867229
774388
409888
731433
898551
128382
1162202
756475
1242332
949638
121963
1240794
146012
1167577
1005829
140793
776487
1108953
222390
916020
174503
726658
1269409
39792
1156542
1019857
976872
1251002
259399
290888
1090134
1035840
423871
1097551
818882
436449
1164892
409534
1109547
551317
1010194
139917
952507
492911
1204444
943012
1106290
1199404
1062071
201156
705261
9966
747958
426715
675036
549504
593958
1231991
198328
307332
617648
470071
425430
304107
525790
915645
348911
38056
857777
650418
588028
615060
540479
554172
960971
322699
158129
10596
652138
669375
132028
555098
392263
949755
688037
181427
1235839
1125127
717217
1111004
1129630
855186
296096
744135
630253
490118
709704
223938
506795
1043693
997034
1290790
97708
625143
31402
258566
1154371
1127892
987587
336533
135911
29534
1002199
388302
46581
983735
1117259
327553
912412
1152180
1068917
772566
870659
229285
38714
416608
598302
120208
241871
1085129
1205352
551603
724595
10707
296335
797078
33838
720156
222772
558948
1044977
157271
1254076
45918
748546
701406
419695
139254
913687
198858
777549
323818
861705
1173010
709180
289367
1221961
1187997
648480
402762
162091
491353
593057
320877
84432
1149738
85759
876333
79669
612463
103813
882096
542414
305281
706145
1043058
827832
561200
127509
867826
809780
1063786
631096
693408
896002
32328
1260892
963546
187077
537444
1176021
772363
104509
235581
259650
1152727
806599
248327
681115
1167108
1176269
696865
264559
1228748
126618
572951
602656
495113
856141
390853
494814
533054
836610
827025
738146
81104
352373
135946
996564
1210720
312539
360954
189078
691208
10555
325908
648287
898488
1136125
895105
1095152
429359
723185
489460
1254493
11642
569625
1032521
981205
959513
252447
794799
926798
191940
1293904
1115261
339293
32299
493796
869155
848527
1018613
821515
1083911
523664
575180
483106
818127
575686
520479
661194
46325
931642
468719
789157
1098044
254463
911416
787152
120778
17903
1175190
902804
8798
1109919
381116
1293889
373083
47584
199516
1146690
125588
618633
234892
722894
879777
398176
941200
740950
1013435
310496
399020
191572
949345
1115536
841091
836357
1096273
454276
771367
948449
122334
190439
635341
897451
643620
238775
90856
111065
545785
1281119
251304
807357
1061819
137887
747572
81580
5977
452142
527657
359540
555856
638593
335307
133635
937291
114901
984601
146957
427918
201117
208795
564363
274439
1161712
135412
1013413
119134
127577
1236432
1275860
453742
648740
971556
756957
9328
262000
727341
1042560
307033
102836
67625
878994
674965
362529
1243387
456921
149469
236335
413366
1099252
421685
349200
93384
184647
1220188
300821
761321
256328
606099
194730
637813
818062
108135
524075
284037
84517
1044718
29229
358882
379349
407710
609584
976744
1192740
977355
1104545
166351
180150
652427
1165561
397725
745481
351787
1032450
184222
839119
597149
304207
410220
593396
609578
880789
846833
1097522
281697
67440
372976
919325
328643
1235083
1010411
1064038
675726
1149477
1211587
965411
334780
1282200
383458
1041450
700183
1169691
159339
444004
352936
401150
57345
1074565
104723
916428
976447
686962
1035917
188819
856957
1238082
946315
315072
272249
749984
725238
878140
228583
547964
54810
384907
891446
322126
735370
596398
520452
85933
616658
472062
832672
116651
178759
952262
389877
654978
180795
945090
1076221
364476
1161415
91927
202658
1243969
1107287
929965
587849
1253211
309924
4101
1234650
129333
596441
355038
687473
881806
1167412
805101
1180661
1202630
152102
1021641
620561
298175
200549
789257
681628
1199176
840359
384785
1195834
83963
1168600
452592
1243951
664704
798577
1227036
333571
963748
573485
485049
1117829
44930
1254439
1102915
590594
296863
100186
883392
577730
965419
835426
392107
592232
448799
470372
1035294
884620
418627
394334
224861
963818
1254385
748949
1213781
467871
696785
1048163
433238
373935
201411
531317
1056095
288105
277406
594458
1002406
1076770
176016
786036
971491
675859
561279
1132268
725809
167058
524981
1134502
285081
352929
940194
338866
505853
197013
248668
234464
92922
868801
1204352
1137626
305670
194960
1180260
496745
386550
856357
1241054
488155
663598
1254820
717011
1282004
331042
25394
1088836
25093
30017
6998
1164727
1214861
123606
777978
572052
631098
1038324
1028809
1094043
159592
73977
218931
306311
1162263
434839
880337
1241077
1137475
28544
230396
1151291
605435
962503
1182595
580169
343932
522316
535189
1005095
837175
772877
114470
322792
486051
1093194
63127
777786
917815
1054038
273606
1207822
136120
1225459
1206113
442654
323395
644911
527921
704057
114049
1017608
32492
33247
82906
368309
810649
627082
243791
1240024
874404
1167923
101007
190799
477641
1276781
1219772
263062
278531
223990
340308
587574
282913
863603
849692
869598
10264
1056623
1101873
452850
244640
219085
162508
568346
322210
1240772
874099
386167
1294228
312527
314126
811087
110216
773885
551667
1257964
390519
704157
734944
75917
854570
1092613
961105
834023
265310
721131
411123
732476
1080681
897820
739098
876152
811169
788042
36646
283603
861145
88017
861290
628530
384984
1052046
908900
419160
713263
69190
785842
962686
819691
1198854
1264574
1220276
836104
1253879
53348
863819
1040063
1265921
1227205
1218097
1291949
1049116
405301
48308
125669
228940
69831
404269
935096
382939
1044092
1031987
955073
204282
662465
272962
936883
24110
92735
1185337
525334
591920
1240070
64882
1229845
540102
388817
766651
619796
43235
935768
1105840
1114602
614804
59324
791234
553307
572820
820981
543458
550727
563370
1119719
716084
893220
337553
270523
1258938
856777
356759
720906
493221
617029
632379
318946
577715
117489
815800
983727
597784
234213
213887
164121
412991
1295965
194031
775341
720073
464231
668882
895515
966280
848951
471189
784431
662576
1037122
1273485
383474
784907
73414
620086
1160711
620319
960132
312165
15138
425094
367413
153695
775107
813740
772165
412406
925605
974535
935164
735463
421474
1134066
1123578
635934
510438
295609
496752
994994
935905
297473
699730
767724
307129
931823
1139566
1189967
332410
414816
925228
474028
968210
848758
50155
442215
360541
720573
944827
232754
121984
1272792
123088
411764
543427
1225214
142616
631842
1147657
1075145
682918
285970
163420
1010301
580551
871270
1034125
217485
176740
170874
112469
1238548
309435
182689
691233
775576
322165
1134964
1038793
988870
1091323
456061
848095
747548
313928
1213692
434641
706008
874850
684804
148041
802159
88361
922560
94360
1271268
847586
987629
379532
885713
845539
1262090
357137
64663
714552
629921
982250
678974
547974
541605
865026
1183343
147706
577761
1253355
1131822
431104
1121333
299490
1114202
1274407
1254435
683440
242619
12393
205295
477942
418835
823710
144409
1276157
661703
1052065
543241
1157467
921332
498284
1203031
536986
1107499
1020933
998378
1031148
1241255
923154
1250685
968250
126896
324853
1002979
456818
893420
1029188
1078572
446929
404706
1283128
425137
1279842
1056705
659925
266674
777479
300124
53288
908848
972364
402537
552459
22713
1615
833887
708117
723230
403545
632067
685478
20591
893414
1049509
349852
239597
37814
1063315
1143271
291982
1217839
909757
480187
728165
1159150
1033096
1153265
938276
1152285
1124982
56274
205223
782534
142900
542072
204024
345973
41814
872482
1229033
278553
1220828
371525
884532
1216355
275803
40557
162980
1146195
843029
489740
539302
618561
468202
289859
1011825
665381
1289682
979788
1079898
680182
534744
749860
1016358
527430
747872
1039255
1070846
699468
713417
389037
1105778
1026235
430580
884958
154463
123363
960607
159809
594577
254128
734394
1281584
637864
120463
1148115
946561
147932
856773
883116
30139
685235
86104
43615
680340
274761
67761
786302
247975
1119795
963456
714900
536147
498766
84094
905902
637982
114613
30417
583169
1176414
576819
773966
804180
260247
224805
921507
620628
646682
119258
103420
1265259
1047702
48860
580077
608935
767896
271927
488958
231104
637741
21559
762824
887581
335980
228280
566104
1261667
518294
928879
860396
286260
270746
342380
862083
375334
189098
525500
1200376
798874
122943
231007
315388
745149
1217813
188621
614435
214773
259050
1254301
133003
685883
874572
1117009
665751
396914
1139256
953033
292577
415044
505334
858516
1267053
337770
943729
1014315
234954
376388
191895
356189
943239
501170
897540
134830
404841
426594
49289
554989
1294568
156314
243814
1018349
941632
987652
988413
68041
487618
357054
604426
700115
1259210
1270033
1137728
722884
529493
1124839
1209171
840857
434996
918303
507837
710141
173579
495077
284367
138885
147528
1208007
864542
653493
942659
63019
914884
522412
187712
1177808
1120931
858964
1061052
615000
793740
702689
950139
456668
781603
1118859
1076914
487977
235971
1145194
457052
217624
989909
388115
77582
899432
96832
217046
878062
715404
107953
381226
597001
799770
937484
545916
582792
851400
616150
1297632
1265330
582334
623699
1070365
944134
515130
901748
253753
901302
1124312
20025
262511
752759
762802
1051635
905782
150681
606269
311025
297542
254750
1111161
212355
1278182
7645
239511
1040518
130818
401861
932240
1164010
1152947
791968
169424
512921
673578
821233
202973
610679
410900
808566
107248
560962
1160656
1063944
89292
794225
1116719
296644
890723
926701
7106
658466
987038
829566
1181065
1273917
1244474
851726
352324
1246004
1005379
960477
1103988
331182
371219
306129
946079
108765
1299420
480879
1104297
874743
194783
1028469
69487
1246498
726564
890158
493113
866402
1126393
625433
554476
201133
280128
1108843
1259878
527163
1225996
436313
829647
873245
458353
220651
415208
701390
638026
568459
412195
11260
816093
1115110
565589
1258755
298676
704859
1090573
185184
70716
1199925
1106408
980458
881763
989584
1252633
1092629
919471
1279990
99971
776375
422009
598711
532780
35615
1215370
935536
612678
1135324
148847
759598
1149879
282996
97089
1088268
1118189
901911
366862
1034845
1239821
92764
881246
1280527
769085
200197
521363
1171355
912337
623552
1042390
1082421
965079
826535
733046
252777
1106165
419772
149060
1209796
1260655
1155900
199714
120987
632997
573275
1032662
955323
872826
989187
949534
347791
204428
682068
503912
416329
822059
1129424
350391
1077291
75158
877658
943520
431201
500021
1208381
1255414
991974
418907
934877
973963
862528
996218
414840
866532
1084810
720599
1031548
486190
1092138
879835
95813
96786
919068
1039740
554682
444992
1251057
25854
438534
919322
203375
896945
49446
668165
975408
1230026
1116980
586352
88082
558219
468226
23592
709070
559239
694553
1093291
1148074
153192
700362
646748
127268
2572
495076
953671
619341
456123
121243
336262
14474
623445
506695
1026194
363068
357203
818358
721947
526493
871745
1084354
850697
25143
918163
1112981
474661
564682
1274692
1085909
1005625
632825
235149
791866
164951
54373
1156745
4884
1127849
296578
1075846
559128
529255
1078182
1071799
893609
1184689
822803
1056902
639471
896098
1272455
163887
1230750
755267
856735
232634
528500
1141743
895646
1183154
17066
684613
1252325
312570
542808
909602
837467
999191
1097564
168047
978855
118622
654986
761520
580845
208087
285482
933874
673294
1248883
442744
5340
1250033
769589
453701
614647
586940
455162
32766
77084
457390
615179
827427
82409
276338
1060872
125633
567327
330372
419106
1172648
1045964
1008185
684631
362755
97717
183295
430161
4587
1222922
271683
760265
1094577
179277
908587
438286
285272
389993
812244
355223
609544
671033
352556
1262510
479306
1275807
751211
397485
514155
575354
978081
17369
366155
1200418
390966
189534
1119324
769939
552701
279248
961505
962048
1241360
1125956
460007
72175
328823
258571
878874
518729
721425
730657
525674
1220600
910663
940109
211167
21818
1184922
1243314
280326
673448
101266
106128
963636
727746
802553
759093
776529
28572
889884
1168689
617026
300795
972101
125161
444380
25064
582074
227381
684318
483701
591009
307693
738289
529250
1203485
603075
404432
414516
171428
362116
314618
10767
836608
811023
430221
848052
783668
1170533
1278524
398845
273304
104881
252620
191600
778565
357079
856840
924820
1106898
421806
361444
1099698
20683
196878
605031
1145082
496287
248953
724196
252269
396975
804158
800398
635918
467161
547922
1104447
919220
1039805
687837
241467
1253199
468983
355355
1077749
637662
1245865
129198
1030129
137088
1043723
781113
892159
53291
419211
405764
66709
250886
174761
478283
1101806
741213
95335
577124
162477
78722
959937
817182
51786
877215
209144
586820
93102
764001
818744
957368
1115347
561057
1174891
369467
262312
34834
295425
427182
814026
469655
1225364
922600
697193
230336
361207
866003
49619
525458
19180
1117188
347805
267523
269224
143345
589914
951365
421251
1066396
1212189
41564
564525
381980
1031066
1237602
424299
226766
417438
803866
842022
336909
568368
853278
284687
134082
690635
112028
729108
126626
850029
919016
147951
853406
925788
813767
402529
83720
763608
20542
676650
1291100
935454
1044363
808160
1170672
825335
304843
481172
361003
239574
1121708
120623
1079738
1052398
524523
594173
232973
731779
323674
712240
1093928
887841
499646
294693
32564
519525
202470
50204
750929
1184935
1209643
135763
910182
1002301
1037581
186667
508017
166176
784440
795061
414560
227358
128740
1138199
392223
302032
900638
232796
219528
1296394
1235678
170794
80710
635665
340553
730562
1235409
381148
71777
539505
40803
394945
924631
307809
1048590
135237
1299079
1152747
912959
833064
1095820
1273225
647035
607895
573022
825793
495428
518449
566526
168220
698758
526902
1175374
1253073
970163
1268289
432554
472299
134111
930061
865061
503875
1252805
542711
600403
146204
918622
748568
648379
659395
645645
1195243
291176
492463
714719
673254
1265404
294246
1174768
1084655
680524
696911
1019519
440315
78170
722354
991630
865646
1164083
926810
248895
817894
42460
1046065
906679
491274
177217
372803
1182730
81895
1120647
563893
756285
973648
373719
978803
843906
316399
971346
326135
362377
150780
664222
1065224
912925
536634
469571
236270
758369
753790
1104882
1006164
1110046
1270091
985214
754677
441296
800261
673364
141581
1228567
268615
666924
800362
1289185
12518
853564
446338
707643
404489
261074
198520
674656
970891
39418
1221028
510190
370408
470778
499012
978168
830182
551438
950149
122226
945910
662051
1101416
709400
989613
1247337
729170
1169990
309203
307216
1138855
1298807
609510
800474
921092
18246
1174183
166310
723778
476281
1177165
1077622
534194
15815
786035
1227114
271845
776834
80526
737645
853221
457929
431586
462594
2452
636240
809984
918170
868278
980932
57710
609380
649889
62695
1065901
188058
134383
1122243
308211
71857
159247
640867
136250
1007798
1247281
973737
336628
381015
117812
10818
794750
263451
231797
161088
487631
1004754
465677
1006324
1222562
815729
658452
751991
268733
1217441
697709
789276
825084
206077
1216231
687556
147300
1075919
1229534
3885
670142
773963
939019
544607
1163744
1251328
795725
669015
304415
57297
1005701
68321
538740
431566
926395
82052
29852
775533
747011
1206622
821624
158300
963922
733639
767422
592825
327388
488967
87612
827631
395726
686778
293327
1278042
284891
843035
721475
1018012
1273693
909449
529660
1287838
95523
319183
662655
1195508
279227
789119
236290
1065146
1099111
473089
1288999
521742
583264
336075
722573
185086
887240
1041809
967710
172690
237664
1075503
1089683
349015
1128091
96732
1189103
191395
945221
1059112
141963
1281957
1224231
261349
86170
900470
1206859
172423
1228368
1049111
413191
523781
801954
1180551
833598
285700
577211
872654
889592
132774
211814
839423
797160
513861
236660
1025631
150776
57682
1299302
237718
817479
308920
908596
631783
666264
197077
1275320
1106514
475187
22529
1236256
840073
65070
857407
1040734
280233
908567
119093
260965
437246
124171
1115370
149504
1253396
1179869
217592
499217
1007161
315131
625561
716303
913303
1284992
939760
376779
948276
831199
749783
714332
35449
754967
287307
261030
967772
843842
458555
1141847
1205196
31855
1212363
964880
1001561
1082885
292814
608054
767473
519752
808776
523150
307161
884380
185697
499589
279228
912754
394093
960887
1067692
637492
1250903
364142
537940
198170
549248
1220920
952312
1215166
58761
855965
725471
42817
393325
198474
1262195
118497
508161
246510
1245008
1006675
1297806
273798
216300
267376
113119
224779
1072557
908655
490186
1277505
719689
685828
1101282
196568
949793
948804
93465
774438
1085041
847113
808862
842526
188190
491286
243809
523586
587230
1039847
1201564
499721
356322
982917
463241
1161983
581390
351007
112694
468113
616220
613009
1209206
1085160
687873
527603
800972
1157075
266412
245303
933637
1100062
422289
966904
537179
1222972
1197133
38348
344833
145022
317937
1247548
533254
878866
451072
853123
564097
922132
191204
1145959
449549
31154
663024
1136079
1080987
25863
368709
522149
912270
175603
860512
20425
1095574
1275887
421831
264442
1042909
658748
616719
121896
1246764
308699
335146
96957
86262
988083
466173
343076
182382
130450
426597
863321
810871
723229
1285939
887232
68014
550318
939559
721023
1073727
1247085
789461
1162443
442760
587772
223267
765575
916927
40802
1265166
98795
590031
483858
934602
1011893
570616
791041
547955
239957
665248
270711
857523
582572
969770
540083
22241
122031
96605
130577
985406
752900
1150018
929481
53772
103240
588359
101245
200615
1008566
1278062
747727
1016008
750451
967821
970876
1294715
151604
190097
116790
158716
477025
364856
550087
1118685
1247009
456457
150170
612033
1089245
108194
26560
562366
297330
410602
492172
982852
12771
1115752
770521
128324
1014004
436265
928945
1271809
750683
45614
129123
1217630
103879
566518
406713
474836
1222689
244329
72679
1024804
954964
358342
962713
1050148
479286
1214531
1031113
450995
957840
317526
1040442
222500
822105
974167
167687
1199726
711418
925992
612362
920101
1172276
598028
989373
613668
386350
467350
610152
1096694
99965
942445
1160097
28478
1228705
456742
81631
980666
639488
334035
687421
460097
1135702
1172436
359945
417944
1139715
856260
575333
1119619
617496
833508
680067
783176
9522
946445
611760
2513
1299549
403869
177575
676598
1120404
1289884
58186
830232
1024361
903760
1276310
572487
1011099
493207
996109
807201
479698
22134
707707
608771
306925
493568
221769
308171
244303
546737
944114
482001
274080
698454
20096
1233368
610939
761482
78543
1247407
494982
473042
170086
997718
1151137
64005
604389
550136
1273862
962984
480526
591134
613742
285744
424104
1046505
453767
692683
461788
1207953
89539
1291278
1112778
331126
74707
772066
797450
148968
58214
302341
764056
754520
1153925
617831
862107
155971
188214
1291037
739132
1027524
918648
142573
1085259
265339
1140291
584266
25669
250257
972500
1211884
713070
606165
355640
910530
1253676
376495
1036217
149929
393913
59077
457288
6317
379062
509340
318780
746759
1049163
328195
217505
303129
898017
1125841
555004
704671
579375
367357
1095993
1289417
297618
524509
252138
629109
858225
694977
1083118
1131814
755336
351724
828952
556989
461526
97015
219712
703039
145970
78183
1223624
1052881
211650
392462
1163582
294695
1076066
628471
1127163
1036975
410860
244557
1181819
895167
260093
151014
548636
497603
1180084
195289
32932
318735
1180273
385286
727336
1217128
214810
678247
614659
1034879
59176
1008240
364044
807337
1168572
697484
193811
1131789
1084102
1155350
514868
997643
586254
1073194
378921
1025526
582066
1268508
502194
617813
887687
390566
877400
1115674
200240
1258850
885651
748891
87863
581919
119288
332591
206384
667899
68073
597123
1221435
108872
135070
667137
735015
13591
797955
377940
15675
825913
1259847
943707
478578
790399
193337
28427
711080
159957
940195
685114
413337
982211
701488
333244
320404
900093
403285
666520
938026
1221150
800285
783269
461865
882293
615512
1021431
1093182
735534
1279073
930826
708612
31258
4025
501497
1246160
572376
21414
7338
627129
1104012
1094401
120527
892165
395476
1193586
825630
732392
785247
8173
77351
647660
795025
438815
378465
527656
258266
244295
680602
722843
125236
1071734
201670
682406
707058
1278322
693374
971706
454080
183555
675632
764206
834691
1065759
1027604
1076509
1093536
589928
319011
1187445
142261
1077441
1274475
1053055
1261938
482931
53086
850547
1200120
1176006
856057
459855
223925
612219
1255447
1234330
260616
409120
88870
850445
492634
975880
513409
961270
1123808
961000
449990
480062
106782
313685
772231
118206
97375
283335
630837
455402
629057
494247
886000
597050
210092
1062172
1123161
533020
1283351
695747
174943
698105
693030
68233
537764
387209
116730
111714
460958
323746
487496
1096763
572175
1256756
1224245
1198453
1287924
1011190
369612
461645
228701
479927
1066166
930886
1173224
731622
520527
1259995
1253736
331331
782536
15648
589833
153648
584483
795237
1187226
299467
118199
789439
423498
227903
1262994
710984
800716
620040
834654
1071527
150729
634888
482586
1130510
311537
780981
940436
142625
1259055
215360
700284
119566
1197921
1148475
1153669
900833
719298
478565
189688
582375
589163
392917
692190
1062598
230584
152266
952996
417593
156955
731939
765229
688633
749296
33808
656934
789631
1185645
794656
705691
369967
1146308
76245
757458
1114783
1126464
537667
102244
1278096
351805
910659
124405
630846
598846
321979
227361
274773
831337
664928
139674
155824
687922
263324
104942
498812
1070790
1136895
843105
521550
1035495
1116373
1002555
972623
844827
740681
826187
591026
1149287
325100
762909
962957
460560
9994
1150566
611621
458603
899929
745413
628114
144240
81557
430301
318431
183247
866726
1090847
993805
1201757
294000
1105076
909821
1009300
805257
147464
7341
236374
1151879
1288132
361437
737537
649431
643667
1053819
946472
1084326
801446
931608
115155
541564
370030
995743
1235697
631467
738913
624300
543209
521843
1158352
667698
1191085
1274779
130547
1253963
14869
1181804
403075
983823
1210568
1031094
718788
137983
334316
95824
1013040
428512
1115958
461333
483545
43734
653780
1075951
807671
949455
677135
949042
935967
1261931
1171128
1153494
330639
561196
1159955
644162
504270
1073748
185818
882684
739834
639518
1065627
1027794
44214
104033
404550
1052114
1044220
346868
16676
1069532
444491
763428
1219750
982171
1246505
321822
147271
890450
982403
40162
594730
428785
56050
680743
973722
874081
1131174
1202710
1072517
811454
943557
1164966
231637
1220320
78634
1280522
575938
124691
497826
938994
1034501
1238395
841392
1032248
742775
912029
204948
799047
182904
844100
1266677
7148
550546
489935
1224500
183254
259561
936862
124839
963485
330982
70857
235437
901093
362412
480064
534375
736227
1108566
184996
195956
741458
245659
1141805
467182
410703
189329
241469
1148305
465369
114640
523725
585400
428196
297853
545737
518712
499903
956865
104302
1155123
376654
1102605
1069462
19716
497338
750038
316196
177306
26136
229906
42238
581109
557773
1269799
917605
310602
1263375
802634
770596
1007806
518480
225143
19188
971604
1064292
277204
710826
1272904
337240
823148
97453
1027528
530303
278679
455348
938168
525679
834326
1016582
180947
1194753
1057051
517798
520090
222850
1232920
237693
453168
232594
1251201
1277578
455226
1021359
16779
13413
379949
194534
841575
317683
709700
625459
385476
1293635
407576
741726
1210610
664424
401331
583644
377898
985463
846869
660107
507142
846247
920279
976885
94680
217382
90804
842765
59548
534778
805235
998991
911854
40254
151209
1103324
107843
832425
1106194
3913
945976
922305
238202
1095494
476355
1104119
1109110
1105384
111253
1043468
402408
326751
918171
5218
1257424
480434
123263
183457
770012
696913
1225765
402325
39970
537344
502399
1164557
148263
1169007
719010
600047
297547
980480
670367
1292287
622254
213639
585396
119385
429525
422524
852501
333373
442162
516913
1117620
1012506
430176
947205
214952
642295
1750
1230390
667769
463409
370848
784761
1018389
449615
434544
106415
617173
890927
173261
221364
1185449
497892
633584
1135714
268164
730997
203156
648794
1187786
724312
422040
830397
250216
745854
84639
1098920
1011492
1056492
283808
262261
821900
59901
20869
8793
614266
1848
850777
116559
1236976
465187
549293
135512
120607
1077632
871369
479311
656567
389516
435357
1188029
820230
776580
14884
719820
141633
322287
685613
500317
1064117
712864
885388
1001037
415642
173693
368369
215902
740887
7326
1259695
199089
428665
897112
1109144
401762
818002
171490
769652
847069
851655
478073
937026
1140238
535145
250147
1277622
52401
717918
790637
238429
39351
690846
719423
1162930
31740
404339
398230
196857
668221
226880
582374
491968
346288
1058811
76595
152404
371968
109374
599900
352681
227355
426313
1113275
841339
45800
347370
305743
810086
1025091
1109774
883132
547451
1199038
421079
959036
1124096
1070448
800928
123622
908416
507546
1095376
96836
504739
466443
1181322
672574
37172
150312
826518
1028119
929514
835005
1056830
299091
505401
293478
616924
900090
986945
752128
1025360
621506
89447
186400
993951
996391
684470
203008
1060383
73160
1058410
290828
1237670
908288
536124
565136
1119284
1032528
248788
521640
57238
535482
777573
1220802
468561
424276
709290
181711
314111
533427
100244
765411
447259
789073
66262
139367
378263
153889
486991
138473
26430
824854
316277
185610
1091610
985386
308854
70934
243177
362100
355870
709099
896820
251184
1170572
1246983
122848
86291
754481
327544
682342
924248
540324
1258980
550080
22523
930964
639173
424696
1196301
658305
815740
127848
151884
1095419
1022845
796820
565251
12539
1091193
755692
757010
1056635
194412
1184667
271447
863430
665554
28922
1248219
286727
325543
589991
535331
209019
154996
59033
218998
480802
230810
356995
534548
40139
389547
1079402
439508
730539
370211
1228542
436271
400424
996343
98077
128590
1262387
445815
506633
1013904
826787
338884
397553
1217891
295855
1016057
352704
1012414
1030017
361229
281616
1093604
28568
822083
739882
976678
87535
458269
929971
932498
1287291
130455
1147724
143566
705495
157718
701260
28231
731339
349697
531006
309259
142307
682182
1018910
183375
1186794
182915
1127775
221256
765606
30439
381531
1126875
566075
960200
521490
338777
216523
332963
1136880
309615
254980
968770
939261
981698
481639
1005508
1039745
556917
437757
1018517
223389
1065291
610845
1188420
919832
1130485
184865
788937
443621
1182693
889472
443331
36758
224953
762460
469683
265250
1111808
634758
422727
737270
770080
78510
269940
458952
588406
729058
379893
960101
593772
239521
549500
291664
993577
952759
1291952
142915
1214166
927306
593200
936644
568894
99208
953587
830256
1113527
478105
80021
1089394
1143707
358538
898611
378513
120661
234634
604563
669434
404876
240035
822483
118909
571227
614736
834675
356831
599200
902009
353542
205090
120309
120788
404713
997425
631917
99306
439108
978736
574300
377460
139680
958529
56148
873499
1145412
1264278
367762
35139
560207
36927
49376
893417
221457
342156
1124360
623550
623045
556314
339140
617291
724687
702212
1039735
81780
61798
1015841
194708
1140405
471307
305920
915888
405449
128016
402852
38012
1081412
892354
1058124
897484
1157633
869913
1077511
385635
1033205
1012809
568732
502197
240634
655709
860521
378966
606372
145949
381616
1169530
460821
646006
1040390
433940
1073066
1103484
554616
167241
1248657
298147
998122
801424
948909
376262
1085438
1194299
570891
476287
436603
995986
832022
882111
735037
303276
817239
869823
625098
371860
181439
149431
295595
1166231
3255
712098
983210
1193584
266538
214849
198777
751168
905717
394416
621649
42772
441002
539099
971514
471190
1003677
1174316
328408
794292
827657
1005770
1159450
980578
1287432
1123677
215462
1205411
676999
608551
855645
883244
1238381
42127
601549
573748
5629
1208893
98457
643125
425673
60635
620507
1087210
1210157
108481
1034518
121558
837095
609848
261482
347412
591904
1257042
862770
996341
1193069
894973
58679
259462
354991
1289913
22604
1048766
180791
788731
1185801
1213078
1094502
699899
117303
116296
753468
772090
1298117
537176
927122
871406
996691
808336
1196586
916015
311429
1056111
593450
623626
1232859
421374
754075
1071964
758161
720852
156809
437961
133678
254698
635243
708773
490465
1046159
491163
1142746
846942
778658
890523
106870
282123
1031364
1176963
447671
585788
1094919
985842
682340
938480
131220
410410
312180
804054
564607
1116120
593654
693988
717571
558886
217542
1104954
807206
314044
528877
1055114
26511
983442
540251
230115
874056
374119
1174678
324025
1258055
1181988
339468
94902
679233
338281
525252
514496
894784
709767
353963
348988
949815
123262
294780
890469
790653
1270359
1084497
278007
205405
238850
1188791
723926
1036083
686355
330591
1283904
753319
185856
896032
266897
512172
1024884
551941
1287648
30698
947172
1142519
800355
1292223
696229
119259
304284
339635
815958
841457
931598
732781
797717
1184867
772745
482591
109086
1221065
1004874
332713
227181
36622
642360
1163192
78910
786269
953557
103493
653660
873288
1269577
776103
1294363
170028
1048314
1013625
890703
628304
40560
925453
617385
880421
780819
931807
1065488
1082092
1227674
641215
274734
817600
312936
111448
479978
200266
312
474298
217370
300239
677494
1047164
515415
513552
961951
981547
690097
799278
819011
364748
