8707 8713 8719
8741 8747 8753
9391 9397 9403
9467 9473 9479
9859 9871 9883
10247 10253 10259
10601 10607 10613
10651 10657 10663
10847 10853 10859
11287 11299 11311
11399 11411 11423
11491 11497 11503
11719 11731 11743
11801 11807 11813
11897 11903 11909
11927 11933 11939
12491 12497 12503
12541 12547 12553
12577 12583 12589
12641 12647 12653 12659
12829 12841 12853
12967 12973 12979
13037 13043 13049
13171 13177 13183
13451 13457 13463 13469
14537 14543 14549
14741 14747 14753 14759
15149 15161 15173
15187 15193 15199
15307 15313 15319
15461 15467 15473
15761 15767 15773
15791 15797 15803 15809
15901 15907 15913 15919
16091 16097 16103
16217 16223 16229
16421 16427 16433
16481 16487 16493
16561 16567 16573
16607 16619 16631
16763 16787 16811
16931 16937 16943
16981 16987 16993
17041 17047 17053
17321 17327 17333
17419 17431 17443
17471 17477 17483 17489
17839 17851 17863
18211 18217 18223 18229
18329 18341 18353
18427 18433 18439
18719 18731 18743
19457 19463 19469
19471 19477 19483 19489
19571 19577 19583
19597 19603 19609
19727 19739 19751
19937 19949 19961
20101 20107 20113
20117 20123 20129
20149 20161 20173
20183 20201 20219
20341 20347 20353
20509 20521 20533
20719 20731 20743
21157 21163 21169
21649 21661 21673
21893 21911 21929
21991 21997 22003
22039 22051 22063
22067 22073 22079
22247 22259 22271
22441 22447 22453
