1000
-764749288
204754547
-399727101
-865400974
-436533457
-969136037
456384329
1018006794
177471713
-713915323
-122732342
-916065521
-83200262
-703286303
-508738371
376010102
297170752
-66641084
-734348559
-880257589
246004830
949143806
-26523526
453477988
1055888988
1000957089
915434738
-1070329994
-433488568
-340579010
461681912
-124496033
937917361
-1011787014
83844816
-572357921
-907181228
-533512680
-628092952
344032308
-173686179
322916529
501708611
816855382
693372049
1066712063
119123660
-83199024
-73670846
458516924
110285210
-901407841
333918905
-989980141
625811971
316066069
-1062764877
467504884
319477898
-422511622
-946815951
-292582015
526734168
1064843233
-230627206
-463162840
-581256513
-64066611
77066303
-135607642
-793776127
977121947
-886432937
781674307
720235505
880680935
774644545
-234382660
-276259913
-372768126
-849607561
907767120
-200434144
558053167
991528803
-648363998
-199622589
1002505749
892882709
-953886516
-493747697
1019808582
-172726708
-1040755354
1010909990
670387909
-430176371
-644088347
-467420526
720631756
294045834
-187454830
624011878
481354720
-479522348
270505558
288293831
-778619628
-1037618927
-1061707907
-77645931
-813484665
919801036
795661748
818310326
837588014
-926444074
-455054088
766351939
1040180458
-335198780
-801137583
986247215
565816335
-768151114
923415381
162462420
-124585661
-794414791
768783717
-477695730
573372866
-492412938
-927425677
-19014238
101806537
416821705
-804462232
396928732
452944601
-792428316
-754459024
713201760
-946369105
-1032539101
457770261
964960733
-885241352
-1071025652
657570847
-918802718
-332482609
930175087
-1006297328
-840408098
-911717852
990859876
395796145
37438310
-877296740
90838037
633484403
769817950
672166922
779800550
-322938113
-299768366
122880430
-53658522
-976581459
-497916794
227654985
-657298660
-858456859
355027703
-616095938
673055225
246246611
-427595466
675771397
-169924367
-272656361
-730453037
-313491105
-205211866
-497119312
-151467133
-288093814
972418656
959713000
-91648731
-10485132
519455579
-395572606
-412060035
225514304
355231104
361913422
-725347091
-772169243
459073786
-149522062
529227565
875516949
65762903
-189486556
-814320813
-334923697
-1016981770
-168174456
-732894125
-113164313
632911006
-389605338
647086405
-646042685
187017173
-578122553
139605324
85694005
-692151377
-1025785231
-998532952
901046025
-347616014
-336851163
52818504
-1066126734
-1048679566
401213236
-764554154
484136044
-822050651
838415235
285911168
317454075
-424813146
545332178
1056272202
-368053093
-696584103
-750363748
592524417
1010068726
-66227263
165868998
-709715783
-952951914
661488268
503631364
206483914
1043078714
551587956
281692785
870382914
-869769882
1018583445
-150540407
-862154793
1043645703
-823068996
-552967124
454039922
-571377823
-788293714
-333790735
819818075
-139365037
-862200381
802348452
566323694
-485042661
-1021757120
85106286
-548715759
-14242560
-822766541
-184689719
106547349
912463551
-754800180
-760710562
881800440
870529600
594724047
678441530
-1072982107
539565667
-545840702
-861395077
509469545
-295167874
-340620378
-110232358
207196126
-55172268
629718731
-46727624
879204518
841260173
-318120996
371786387
-717524313
-266136293
-616849151
-192498249
793362970
-365873869
696553855
-173831505
-527152143
1015495499
139199756
-719093527
812283274
-339818022
1033089826
813042990
-873994179
-586492701
1025389736
709217189
192081248
-388972467
-474756993
-674464451
629597088
-918780087
352549749
435059782
996221909
-1039313072
-266895656
-795044229
-231707542
189997016
86199346
-512086397
897864971
-290988624
387823921
-703028997
-349234950
-546718147
-348380701
-610693501
187205654
-389032700
-871392336
386953298
98216423
-919744425
22428663
-783444154
-234975068
621413493
-384166781
-679119805
776375229
1042124791
829681800
698855313
-1070930106
-510955680
977552907
-228895825
752783159
-9989572
332759601
576906305
772763628
-353158302
947619132
-650213147
173865374
-474503394
-187164824
-712670797
210205730
15184663
748024325
-765319672
169182062
-303288837
-475022003
1007948817
-755617169
214553039
-744912813
-1052983765
182936005
-988972837
719613371
185747722
-426186694
623424453
1030593720
-747145360
-460306943
289611497
903502769
-761285140
1010195018
777380076
-337756464
110318567
-770865143
548820535
471389593
513082410
-509736626
145672093
821504561
733187259
916125079
-727259266
667394251
-913233915
561035596
996223261
-892475857
-329770223
-1066491401
900879337
929719322
-418936272
450561966
886571218
-92339808
1063996846
102440890
-262578864
-771030119
38894083
-558940613
-35044760
-924529175
-256063933
-559966049
620602241
-816723347
4039148
-307467490
-1068960611
-336515418
-465084236
-722478054
-742862992
-304576327
912299366
-820381556
-123310361
-491212682
-813131133
-296172848
-635235185
-158325582
-919352707
-822405792
823076433
-929097686
353776921
-513244256
-626385982
-681070821
1556954
412311081
-531858173
819234845
926086855
-984997756
-1071230327
-143615822
-218723423
-1066449115
593610583
389934164
-715185345
924489414
-988383988
-876627804
-969633966
-37952525
-294098663
-709023276
739616450
144407975
206392965
894005566
395744007
-44272426
1038649703
-324220897
516225141
-661478104
68450106
-555959729
824574800
610333756
-810466709
676919831
699077823
-807955213
-540437816
-593387425
-800662505
-1020569057
870288563
-442106027
977662180
955646398
-244992008
-1065713611
-156047952
534651152
-700995064
-490173327
-394682697
579139725
-669909586
-1072680515
-538874526
-705001708
-323159589
1051092438
-292737989
819032340
-578609116
-541905013
355624272
-315334002
-938727007
-19039730
-49547392
-405423000
461314669
223531927
-352250234
257861407
855167723
-448329878
139765980
-463566109
-440301666
1057459852
-1002656782
-67554906
-506455300
-323597656
-562157006
-102623062
-322536348
-27289709
266117053
428045887
-49939096
1047120888
173336402
445193612
-568525950
-544781151
-943882215
-433511134
509920943
80312217
234807689
-102506213
-769897681
956299279
-918386631
-988471783
-565772424
295121172
-378296069
67667733
278839199
-307211027
-1073628998
846125723
442933140
-562044181
-330239164
-953345032
484407933
1009619712
548442678
-639272987
982998775
-351962745
879662448
-659269000
176997928
1009522056
-19038311
-386822954
16092448
-857972446
584412656
319936590
-975414992
739767848
405206631
-467445593
-38852805
-1046831263
673963963
-833755430
-280300467
674076789
-1061371532
-911109151
-961709217
-317868873
-790712360
596440540
-381990986
831472141
1030909376
-472734035
-594232429
836829999
-58261212
656507322
772610230
996442301
-804057457
-285039146
-935271970
854097022
-1038844381
-836945139
520123045
440104073
-230648909
-592471584
467014634
-630426771
-352485191
-887027658
-1030091807
-340114900
-724394986
-918059200
415758050
-441365523
752123163
-1039974761
-683635207
709290714
-438966973
-204125812
472378888
576513639
-621360315
171247293
499214115
-351675948
959949970
637683968
-571320751
994847413
874480652
1022544118
361209661
-429910082
-643669291
-245517530
13404970
77587341
-58803364
57054987
811214264
290543473
212737610
153230489
922919774
-108881052
186997551
-834457258
-473332163
821772402
35158753
1072788548
324544216
487540262
170294016
-249983494
-937877511
56502162
-686041351
-435456439
-22392250
-885302524
-486654146
-734924414
-241470783
-56581614
93299880
845676010
-1052736098
-1039245309
-171010828
832219989
325039987
-1032015043
-88291347
174217936
-67154272
-975035620
413502502
533255388
920478605
-625080570
532302111
171280996
936201515
-371145697
995039325
1072065827
759098288
-764743851
-437132436
-337035787
-576304552
149955241
1781622
255966488
-980368197
-978660323
27900673
-959362472
-944163809
930631669
946599341
454618002
972358449
-215433831
-444905887
-168537647
-116727628
1042338438
-709024084
-269990848
-656483956
897019851
975031971
-794024266
-547867671
896329471
-795700263
-862511208
-942156205
-159090876
-125805172
-444718934
1064606188
949718273
884989377
-989503834
1044799774
-160851774
-875124482
-973105860
-303961930
-1002266966
555253965
-405345306
-143958974
-963393746
499858870
813055222
-994797133
864576610
-530677451
-577539266
687854636
-629387304
-297821708
-933754860
-806799658
-19780148
-722524245
-675214039
894870799
225412406
-46191150
885735162
101388854
-234943597
969973152
72446803
677946452
-978893155
173082767
-699757303
-907418298
-345405093
-31360786
22364551
-235057016
-605243740
-238322052
-156112325
-814408955
304742321
340090232
947187504
749096840
-1031473301
-1060309181
1016039005
22488374
-709091603
-732916859
-156382652
590062626
294633815
-344389314
-382290345
-1014051607
-448157987
763898282
737636668
-353309319
-136760776
-1035862460
-186985794
591575954
6518577
909120580
-717222886
475016660
-402943296
200406612
734349528
975540848
-533244981
607795207
650895863
-490976458
621227849
593193043
605253739
985878069
934018008
-624870737
502198870
154909998
104481772
-953833299
214600214
730065608
883806806
-121504943
-696985536
-326695795
-83625580
189770493
-808861666
996634820
25149248
-452342729
397909656
695947775
821805706
58517359
597746798
-785181099
-407429258
174900836
-202415734
-859943234
-305647945
-670903820
-947806989
-445371762
-222032734
628133704
783280059
956190861
748042228
-75861552
612514644
558107209
876375328
989270931
-842330411
-280992077
105299599
-577450253
-358099082
-943292977
43948841
-1033931251
826396621
-207987277
98327932
350401595
80573447
764640497
-548439394
951899536
978439086
219654484
-792746109
-1043109728
848024545
58962981
658765800
557562779
-58587983
333066203
-592040598
-519815163
-182568412
-789407095
-604286057
48843000
3342651
574755366
545134570
718985393
705204212
-484658413
758795965
457859008
381096133
-216617928
-265481222
-612072245
-525719256
259821208
-733914534
-621021994
-594266133
-452918820
-590389899
-819983412
679785984
-1005365924
811321190
-452543823
401442103
-854461232
101382837
-854868134
-570126504
570838603
267716689
506957971
71852144
-260890565
152201539
-296685469
328192845
-162744321
-912568285
-364452847
694379575
-104307684
97216731
-905081506
-918228301
437044020
-452361677
-438752610
1057867023
30990248
-184994199
663911183
99366147
-447414834
-862374465
-572933575
-228134243
312750195
-354059886
275481077
-190153027
987398627
-291302777
955440941
-347233763
934640585
-414986353
1054700905
-301845561
-253812815
-383493767
-681207811
715621325
787464787
-512547493
871134847
150766982
108832653
-641359588
134892180
-933918924
247388036
25
-274938462
239189047
873715026
-63571104
739997295
-428161042
-824562734
-687804415
921061858
59026063
-774147613
-443982744
-59274821
-47639553
-583083984
599480649
-66680473
188812279
-728073990
623567583
581346291
1061289158
337290545
-1004943027
858682180
1000
776971736
906049598
-173896419
-561463270
-718537685
-21154868
936380373
-934180619
-658539092
-346741061
994328381
852278171
570521932
596408345
-545648972
206822858
8175319
-6279254
-973589203
-178982221
555897634
-960411924
-221308351
972932714
973544003
921939918
742198183
848514454
1049799690
1007484595
965414210
753029601
839792368
-282224034
-882175494
-952487142
770362922
-1019536945
-812925937
-961917995
-292536183
-892339381
964101999
-795756076
777810787
-655288798
484808606
-287755718
412173771
584961226
607003884
-105670419
698291125
-688046292
-206479530
598093303
-839848199
-538023172
372865933
-863790333
-604280401
264538318
962981091
-838229858
1056056107
-992936227
-716975176
752677204
-938731349
-456159290
864501032
-157525709
-274756848
754861206
120460039
-570687886
-974169417
-468473180
215298219
511746178
-957253779
-251439722
-667666066
814779170
134255810
199596227
339130648
368149434
735314878
-361745244
578100924
-942707348
976534897
467340191
-707195382
958849180
548145787
-350428735
637784559
683156261
267153798
428543767
-548111273
1066138773
109663148
646090589
-578290938
209235555
-896124416
710749105
-352760092
-779636371
-614432442
53315665
-1038599026
593565191
-820829933
374273445
-112027199
988226768
-1061213623
-607668100
-1028222404
989063097
933413914
-661675963
874170452
407817876
61637125
438213187
17232312
-744950902
-206984871
542862863
-752553954
976420100
115211627
-257103069
111913830
292829035
-620095789
832895561
586934487
-160786407
-187530599
622077284
-640963041
65381291
-77391096
320751583
-20133765
-64862896
786825307
25385654
-149541623
646497396
437451514
-349112996
-19426552
-574653186
-984641634
1071547583
-245862265
-117884682
540668621
75325604
-215206406
-417861576
891964358
970449247
948709282
-801873255
729602984
461901944
111082161
-531669440
10237403
543860943
607453675
1006588130
-209129298
-486421915
-132016590
-496045816
612705562
792183610
-923290245
-23584749
-630671211
131025026
475503888
-541571021
128830785
-844100202
414286120
-404242419
304967225
-874662111
251637828
123189758
-977954688
126605285
395058326
825390119
-485234596
-567601338
-780021146
598744630
1050001429
901174352
531590936
-232869694
-658989388
-674167479
344826313
1027457997
-955725694
495277891
-69868577
-512655082
-447438907
-668106514
19515720
755133701
-438464893
-639939984
-722850543
940244155
-440860272
602529109
-10307911
-345073137
-344607431
-688991410
-593424843
243899797
-182850924
-299704165
-231097398
-206591320
-472271638
-773248287
634280809
-57519202
-373673943
-94634703
-103803030
-255657814
-673098637
900070217
305428928
-46795721
-841778122
-748797177
-365403845
-206501191
-314995338
-14512564
-339998861
317886214
-485725280
723435051
1046554900
243409112
-1039298183
-620611767
-586432916
-148407284
153425891
256211510
718743219
754896076
556705046
279282203
-376364951
-890710721
-889094325
593573843
-72626712
-488451139
419902235
-840939609
538494964
651865936
-515994962
-900650706
-628377080
242751523
158578553
105365883
-513104088
746595096
-244940891
-540291012
-83737616
-210497251
-87160956
403571291
714837288
-1007476890
-413959024
359838682
821161009
-930995802
-434620940
-628945766
-747964700
-249973442
1038369900
253150411
335317243
384530310
485952626
-199929618
-37345579
1043699487
-26838501
408019165
212709185
-942001772
-560356777
773346921
878335147
268444155
-840685916
-279144294
-1015794920
145894951
-949314827
772784191
212159884
-289532028
58881049
-40420932
-146786007
698001932
404375125
178991116
-625713334
369003200
-641600297
783345732
-320208315
918094152
-490325711
716187930
888051814
556577611
50465270
27019174
688317662
563850316
-273375730
492910985
-241447354
-40319823
-859975134
-183500451
-968166697
-735548138
-484458084
317735010
48661658
648164788
-796427746
975617474
272424895
681689202
80866766
720453384
-23049422
513008292
430057291
730484086
357360619
1013473403
372930191
171670608
496309190
-650346364
-875052043
110885027
987245775
-74685949
-469945813
-327943403
958736051
-256179123
562297969
1064311178
82014562
-995901940
308304363
-943065605
726004671
585618440
-1041189955
-75312258
193565818
113418634
-428600699
-903225429
-447314899
-1072285232
901000480
983787543
1014929994
200188847
81716326
437497359
623584306
280406106
-525359438
537088257
-868021668
78436572
-864596971
-983027441
895999272
771442821
-992458088
-95727990
849282705
389588098
34948228
501545551
-98535286
67500096
-647508532
-978711293
-892823095
-2367407
-808194899
-266396171
-910816
-980936244
-356350453
-59722647
292994426
799107696
-695967112
-157163092
5771978
-147584727
-693816660
211492133
1004593668
-484671808
302206515
826851116
-786970812
383490250
-342618699
-1011429932
-300663476
766071352
563857443
674543061
-240170376
990090734
769573591
-59251648
-86018498
1035120515
748094005
986812509
-1019557554
-681998273
-146651962
347178696
-956632401
231122749
-883726221
122881400
-990203803
-503801058
-739368292
-1059351960
85268957
636580047
841240979
372039968
-53671528
-575119545
434351860
719406819
-882790017
-75532522
320208055
-49218570
-159183613
16039821
965271605
828539713
-22581489
639623785
741610397
31602781
1031367336
-478783390
-694960348
-999006890
826081182
-504944746
197616333
909619202
64996019
531989864
924009066
-923476849
94828086
691508220
522304942
-1032585266
-957353149
-117085023
760563376
-766401343
881124278
7029607
258121910
-351801159
-1050672397
149651690
-597003271
487938
-284466349
-929134699
-1041651106
-326840838
-334176265
-662869631
-252105905
-581836908
-94072554
1019252251
-745959530
1044665288
477500290
-895692289
-952553386
-501413448
869557754
643493379
-460256891
985946428
-547333468
-773435340
-854196740
-739951015
307336090
477666993
-18010351
330405517
-446423141
458728201
-742848370
342852333
603335326
-710757653
-1057730330
-804582764
-299885461
-236094412
-312677849
679783808
-290583986
15104444
650707271
-886825521
193153978
771895708
-314497146
-11030092
341647262
298987786
-98825489
868055617
599294270
120719595
-945637222
-167111465
-475355237
110094250
-910447773
151963445
-504919373
-579554320
-578926047
-975325872
-216570150
-562914554
-706166813
557286212
274732857
54897161
163328195
1057890694
-1003740219
-259706359
-902676651
263155582
-561552476
-143431974
-821616335
853836610
-918186012
153300000
648150402
754850081
-799722230
776255003
-486003209
-201335644
-187392571
-322709158
1024369625
381429879
171478345
-628298247
479845830
1028650019
-117470977
847420840
512194406
-916479945
-171423824
-398219223
-932331075
-101422220
415816241
-761265903
-912008462
928005589
169043946
-659882974
708100374
324599757
567158849
282508951
5708013
841178442
-14977870
593446628
-433899026
871371382
-803004355
-483271226
179059436
442215813
-37827650
-414836559
397124007
918443196
-641157544
-164423411
-1071778573
261160455
511099189
-930367825
-914003589
-146826395
-617891905
-752270228
-292562631
624893864
-338411379
-658204082
-124248203
-844994354
698046693
955201633
1069925911
-390673002
474906436
-437714940
-593043445
745643904
152755657
659757814
114117893
-958813817
-828820570
-562499925
1033371202
-396236291
346818487
1035334452
938665987
-215824149
-968775198
-1049079427
711091280
-512925280
-727607832
-655213176
-961773240
7722613
-239675434
-12279620
236470082
-615370566
-130819812
232654168
67698255
-729655200
868681052
548396633
-1057753121
-52305116
134412622
130106595
62622890
379333875
641348494
22252268
1056839407
-85574844
-16155105
921763569
772342831
88811521
946425966
409692286
649628064
-854923691
828220933
761596647
226540745
-485196326
-324424798
-610730998
-26825069
618497214
695664994
-1032868639
962583837
490604221
589269817
978572539
-635442720
-350059386
34937310
500921994
-1044467336
-397456021
-550567563
-1061369754
590710958
507019155
934135639
289311964
-477911149
806819780
-374737575
-902024909
1025637912
-620258466
933313561
178436833
-31712969
-464853061
641447658
1015203786
-920097672
263370827
1056076970
-1031255660
-319766777
571604963
1021058702
118532327
-852196248
-17745813
-454287504
-822921760
658539989
68886756
-810549691
175509123
-497835914
-950155877
-608920738
97994761
930405726
90083511
269711675
882301814
543566868
129283411
-13003178
-561887926
738172173
-445297345
-620425965
891816324
891815306
-638090819
934302487
-501693296
1007255967
881619365
690580854
-918682106
-209868273
-837448475
-667862043
-625070108
305180104
-404669910
624180838
881086014
-281083964
-1058481725
-94661050
-424420062
105343609
-898691200
-615860073
-424831348
304334034
444878572
87022550
-31235617
1073323050
540338408
-213161118
891396531
975989412
-352600455
-684038589
909503554
-544722915
-1067199560
1064563272
319150635
-830906211
-677040596
767822350
548015716
-7968683
318261363
355359905
784689177
333521462
-813042970
-713472710
-634876754
-637992347
-255590960
14033722
740083511
-884454213
-972685553
-364893931
-884872988
641394678
495686774
-1067218281
543642266
-930655506
-677515047
379403995
-401636598
-670972784
370225442
991255861
-428137172
766926670
685336386
-953863280
-314783838
-70144075
475238448
-603836486
-810364438
735937302
-243567373
-371499369
-975796870
574583490
716276176
838028464
763871100
817332446
-600607292
952739936
384985300
968821306
959263478
-145114259
-1035576025
-791993394
-839452089
-363470799
-389224355
604515177
-445956763
256380297
297700022
-834362202
376258840
1056658007
169235546
-222244537
-620920303
432612931
-560049060
209254147
-1012628262
-462104106
-289904187
777389737
-697817467
-599774912
520980359
-224682935
-720776801
-167776166
-329603454
-835255148
760851398
-291437656
-553506719
995141132
418833368
131010750
525914484
1046618428
-686350778
-250127319
-861485598
763649885
-267211136
381491771
-532336477
185610384
-259637122
-18643713
-678877294
-198523561
592994004
104960342
-494875649
968918360
578927254
-1047637115
-329506400
931892276
-141671458
414631969
-977104696
-454561885
-950547511
-456869592
-533162577
542027680
747882981
1066493730
514904284
-1012209622
-257375413
727160509
825182086
549155274
34910455
-780896215
-338976167
849015156
274201895
55888362
-423250230
-206545926
-912893120
155615945
-311369391
739775957
181720653
432866033
597926408
-1033692629
-226243823
694563535
-414512691
-103049511
-836047881
126066555
-634763655
985576923
118818461
953882452
1047109125
935184871
607301136
798549386
410598320
-431530234
-1056088654
-1002119672
-656256902
25
291855064
127510513
-5765309
-988432687
288359216
-923891189
-226060254
-45606652
331571288
-866936046
-521422068
371620482
-19438046
-900600358
1030849614
951254267
-662906416
83174345
-757251213
-751071317
-871749019
-877110586
-777704017
-1010305973
803932373
1000
-908600439
-544420882
50568255
809317354
67628584
925270241
334851393
327694203
-422656532
11717778
-45202492
470850434
140812316
810901366
488250056
26933927
-295096728
50226116
922906943
504674246
860635127
338432817
-437642134
411698413
-196483849
816792982
-514158602
-468974986
-719561268
-878304638
-694690277
-554419883
-348983697
429619801
-818844354
792386711
281148217
589748862
46339089
932233509
-472275184
-1072605227
329342118
742278955
812037962
-256149650
-304528943
-556800591
867818289
-455363825
1021615478
654711591
956810815
-489768481
-7331821
-313414859
-746717324
552251401
291351979
-392536768
747688586
670403525
126785172
-675036936
26281501
381682641
-956392050
-766312107
-102310322
163688863
-907820423
499156317
164825459
495263519
167693447
-96878404
-834627956
936906328
420062829
-1040551492
-592199322
367936482
687901922
-709130331
951909825
-393171723
51196633
-868549324
-914662147
-731193213
-187344269
906768262
1012952135
1013182726
-842010499
-34508189
321123542
-724660725
272921528
-854928604
512769961
438842928
717969536
-396146405
-139635378
-188078841
580717014
99478489
-324914338
-72961982
132668820
156628163
-778767324
-253171082
521239655
-900599324
427399018
-501305536
-695406825
586478694
-158756926
190990730
419505131
-219546615
130431631
651236455
819687019
-622186651
1000317553
18866722
-403373432
439345689
-616032174
-759145721
-1030542541
318074271
126517261
623916297
-656189064
875344746
-522787510
550221579
-41768915
-227813011
-776691328
-594271085
-54670512
724449513
-21834798
323664487
237186382
893150100
-559086608
-417050312
-400138340
645086846
-839555681
-654193146
-1050841630
-912979953
438415400
-380473239
600107560
896125049
-65877136
643306842
140457495
-1013101700
193481314
558010254
935984870
744435628
34490009
-179525870
-557119208
331540504
299944868
461952104
-17751807
-795631754
-288125234
-854307250
-976223479
226529981
-197615738
-302619996
-202124998
36570404
116928681
-179224804
197332274
-518397744
514043780
-276301991
-696014520
-625575181
-706736973
518184799
-564935057
560486164
2453228
-702692012
231179967
-1036798588
191523941
747802583
368483740
-582273016
136012862
-723009892
-304162947
921629451
-503575319
-206644603
74417607
372550766
564477224
946034432
-664620655
-392335919
-306932197
606453443
163008160
-866630241
-743590373
540735464
-418463599
-376585523
-14821562
90343167
-889841183
1061373489
461392978
415080607
-1049166923
-420824906
89141365
393058640
70643902
-848587598
743790571
840222778
-1000699972
-833526573
-440163649
147459458
612766017
-949428250
19752066
1021887185
-268022346
786561692
554598803
968727638
993673274
884750254
435721277
-498532149
-565577094
-652842110
665552841
-381676454
-665210446
53203995
-1040337671
-640635546
706120912
122545517
826164917
-296977011
347699743
496213663
-530496057
420741594
736428914
103082117
-505540772
275453106
227395690
587953117
223598466
1033115168
300772984
-295544555
928100981
220704434
-484536126
290080433
795914108
23628603
710980146
387725124
715693973
-1027972125
-632812706
749098125
-594865847
-1000433618
-202098183
-842442755
-223668806
-928140265
727512732
319576960
566343153
390199821
-651082748
-1012939444
-408088898
650054766
648755496
889251391
609428109
-124213345
-480034989
463787265
-977250736
109170708
-319874127
892405195
-940942513
-682635806
206388495
848493283
-636866108
647317612
523849583
-157990132
720625817
-751990425
73308937
-576784813
-606388866
-272920156
816533970
1033696110
-956462160
-908290602
-1052985159
-290809235
815505987
669512160
-475299669
351192271
-528443010
118407166
-258762289
-431951922
-846163951
495105407
-613288552
-713364641
886211424
666841766
-938613183
-824396509
240417554
658978223
91355183
-112698454
980729622
-909077705
384258556
-699401069
-108256038
127050702
-739446784
9023625
292501923
-718690120
791956213
34266085
1024563863
-757085281
-688283469
-577620972
435063708
126696065
64168929
662641581
-451940353
524622201
1023018763
-639470754
117722142
-989336244
-390125440
-715602129
743383802
774971566
245441241
650371599
939635684
-444042028
1024712353
-242362179
756750497
-788476256
840403269
-24489405
-433424553
558617657
-1063965145
-482602515
875274200
-678506791
13518337
236596083
521931097
-996054559
-174504161
-1003751081
602309465
-225227222
-569480012
-353710217
-140821643
114136372
4429477
-471179666
-184633887
-823871107
-894549891
-318740027
-194171311
-943579363
512639617
-511162639
-658313795
279301062
538089780
-17996525
-235823106
547866458
573142784
-434290731
943101491
-487080704
876047176
391290763
-409393440
-372198810
461281506
-880825799
476315791
965543317
-160794193
-738247677
5937864
917377107
-135685519
895045801
-980235824
43506413
-497436051
-100665312
173668873
-1058538259
461913872
589096901
294504626
-73738173
-502641448
-1015060304
-599613539
-1003240489
-375609212
-730253873
-416579370
-573303861
734778713
247769013
128239153
122318394
440685037
-469186881
14119887
-793850981
-133692734
-1053684074
-950215698
804363570
915103550
-856709699
-225871842
-656074326
116366812
1021538854
-640870761
-495461141
536893931
727375688
504542510
-1039489342
786057207
978670794
-968988008
-663293829
-825324904
-311825555
-162855867
983195632
1009685281
1039125109
31772202
376628494
-503803596
-1027849736
656519336
436245493
-1007791987
780045461
166867238
981053387
997077585
1014737219
-748762764
39702572
962534248
-315891702
617983255
425686354
-662257838
48783940
459938835
-949942456
-46287091
564692650
-539494462
202129828
-820874730
371391495
111583635
-884931273
336774779
-930385988
565439044
906713006
-884493901
148216555
269216674
-818544064
-145479808
-637657913
-911232502
-222144048
-696662519
-586253443
891300348
-807870095
171596679
435541778
691558082
583080664
-589416107
77755093
706880031
438038625
-431294082
-906356255
-433573372
-178426988
538777063
751752086
10383562
-198189983
895107922
-497919219
-365218801
-1063127804
724039159
977739696
-807930045
-495182474
-733660041
-645420724
356415302
-356580737
-157932343
173973825
-90709009
-1060077489
-464226222
-472892751
596744998
20099494
678604165
229883204
-615603706
-826431742
397268772
24564745
68883093
-137695990
-297424994
-994475170
737855851
-476058897
-418652566
-701104775
-465444877
-768355231
-797106904
-199633099
-189795882
-457025122
228688001
-907122405
260135965
-1002986167
340593243
-904314869
-989321833
950108844
-303465797
681164988
-103533487
-698603457
-162693633
354604630
-451293375
-839166685
-694572450
691331541
96879148
81744380
770598195
-239006826
679427306
-721796196
133630222
-859759396
-416409604
410265142
14349329
467536338
1026981843
-830704495
634155756
213375983
-759948839
-98992825
382802938
-675528849
-222625806
-994404684
-1068105686
747582531
-619266317
-157057496
28445336
3182131
77517642
407614710
-379228153
-899345034
-584382735
-682371783
-64610037
-978697254
-330426155
-1004721639
-764714826
326906064
479285326
323376326
-279299423
432525344
566413654
-718885491
-427840497
880206638
255863507
1028704264
-869064036
-1040504124
-1039442245
-863427899
780820230
-584966739
53256428
-264476258
491957215
-942967754
-930603373
-961012762
-768570965
-441244285
-569642722
240560821
-346199716
173672946
309581005
-37172719
-573162814
-284875494
-787538218
221279586
-926091974
852617259
576135918
-280190648
659082072
-241742400
-325228209
863759859
-208504700
-290928631
-1073409865
-501426295
197846454
53588387
307839270
-383938156
184362456
450977720
-271209095
489533314
-1064008390
232890007
-343647690
-336466282
-667178872
1039675139
700102822
-166599863
-318942180
986306428
-1019062101
-171292331
765181862
630815640
622258844
350522110
-684668584
-776711190
140540144
180568539
6102003
140872103
752884067
-869793368
-879281335
-13018487
-179989701
378822944
-635782592
622543028
-205385567
-626049158
-218308790
524708566
111226383
188254161
490641880
-262412620
-1052087526
-902042124
-349848017
-997407804
407368
-658407979
707149659
-451075612
765855954
-1051260750
-154044979
-167345727
203049612
925798847
1047268199
-117808145
-1017736346
-905754961
942915191
-123984223
546809806
-766609226
-575183020
-732317586
-318916561
280250013
866132804
866051645
-605237651
283032859
-470102799
-583583354
454732558
253791007
-507249335
-618601898
669124851
-873841500
4064313
361238980
-851360427
923761157
-879848571
425431009
775818180
-906322197
-766118961
831823657
-738335334
-896945595
-365902391
882216295
-589812998
132656412
-923843115
165012265
-660835400
1016031512
-42677915
-192331227
225322546
560961109
297827242
-393686720
-258989708
864319731
61453205
-663606682
1064220054
-1008224307
771374122
-860882198
989278673
965267374
638290634
691355028
-1014796648
945913496
449436861
-679390159
-1024773924
-990207355
-870915688
-540845098
216190881
-721016980
697908990
629097304
-778727293
-418510750
-636975748
520337076
-931291465
734593318
-947091469
-116539350
525171224
188103559
293595791
515649453
253621075
-8771912
728509078
169157924
-117246363
293057888
-213228873
-58301187
165229559
-837533837
336050477
214197459
-753999368
538876612
747094184
535933336
891601455
371261349
91288815
-960867663
1026492422
528054891
633211237
-978540868
188906384
759861591
-21338395
-359664217
-125776674
-801484428
-917756589
-945897424
263485483
884494312
297002323
-927502704
103810375
-989968374
87937932
-804701890
-753760388
-649753416
483237392
-434017933
962865020
156589751
-971826422
780724650
-545890725
193204217
893598811
-593140128
-352482717
453068223
-497939172
910165490
139187989
554464256
-523240552
-1060330510
826721651
-367255318
-932486110
16465310
-556502831
438258036
162704429
621049368
522031485
-823099464
890089301
842012921
-399111057
299584868
-665746837
-509987862
-617567206
-563831435
-803005036
-89716108
703114605
-983148050
390885587
-723109937
543661996
966688238
-886686272
-390891840
447410670
-336185001
-377480526
200390496
370301504
-236224813
-856886019
887540496
-871708602
379560233
434848039
724064707
630202592
251195515
492335803
-842650289
-522961442
900330789
-278896328
-66786825
-737242471
-8159541
917238890
1039613957
82434232
234382653
-757237805
-447645597
127329066
-570182254
235204387
-499002089
167374568
931465684
775130231
-536065753
-378500954
991986035
-722267081
-176467733
297804444
786322781
-526144851
-145734789
-36223528
1039932775
85356745
514556853
866521740
880202241
-625971796
-944462556
-201699125
-782474731
-978590423
954476931
25
525649745
-662086405
-566910491
-420763013
-158526835
742035719
153976721
-1064894092
599759578
-144634873
-527218021
-852483201
-226390662
-175743279
44790890
-1002328043
-463162323
592387862
-74321009
574355972
558578813
-1062706088
15171001
351358728
891237976
1000
934327814
340503936
-374883003
-651225165
997263174
323636344
-1037920880
-115224989
230707196
-880896195
-27919689
815161616
1001729435
-155020042
-607709133
1012843168
91230761
612555358
-811076672
848253507
-64069744
989893214
-6372167
127188431
-779670012
767771767
1000692437
-52520209
547963623
-215569743
623629515
408549612
-948807632
-824995313
831066270
-1025286283
572382854
866887213
-66769448
-270651774
1059732841
979052686
-529231983
987720451
-249709181
-63199293
926821795
915263403
-524385760
-957996702
689775085
485286319
-1041845312
-390338907
-461267074
-747773501
-696308965
-534316462
273448114
925396481
323855618
-176664196
260204268
448789810
72082315
17528714
497245350
-429276656
-189325898
-643265923
373813393
-203334881
-737955062
918323233
-289356255
86077580
-218617884
-436276285
-72400841
330738179
-320531163
-456367581
-257717326
-288634652
227035336
354757423
37333670
604468194
894182784
-762960041
456122851
144296577
134117587
-357414706
-480655438
-867541923
733855831
-1057151912
-223076756
-529211891
-626676012
-923005187
341195051
-290889250
1069059869
-1021903029
868930153
-223299840
-384437490
-277212513
-966303485
368773170
340161730
-150278988
-993603307
-506544759
-869263390
117472186
-975818390
-1048822431
428253969
554046284
169215969
-511370269
-877110246
762302355
-305170369
930487408
778892266
545494698
-672466308
-921525571
696231334
742470566
-138672998
691549379
794309361
-343484669
-605492286
-663869954
453044641
-498053948
778645039
-280535454
425408887
858783555
286661610
629887320
-97486084
384585044
654806712
-742973940
-135110497
-249719143
-180602386
61521080
-561158613
587969068
-81733336
-856008172
59721942
319542179
-703791920
-317788549
-11729079
231276906
-699980995
-291161543
961534060
-231731457
118710326
340836876
343956418
-176386460
-1013440402
-304376519
-391344730
346963031
-748231024
584911009
-342193750
980317512
915678893
596437577
-343143456
-338665318
-415783168
169439754
-824438074
576225319
387173405
309025691
-177974326
757123308
1064978965
884038418
-85341611
-708743854
-480864950
-197549376
133266512
711587199
-930454324
-596518895
-538541086
-870152903
172846409
143856007
550551951
498357209
-344974809
-865383623
404932896
-503037741
804795777
-1011952385
232038765
-684729216
231229192
481342514
965237927
-455339228
-283373620
-286478224
-771957745
-292136480
-476181631
216442468
72861489
116695242
-1054848733
-867613824
-245459384
-911561234
-390390895
289741353
-707972314
856197337
-640144465
916321461
280812721
88622549
-1022803987
-387996208
659326632
855733613
-326206770
-182376428
-902737428
978764245
-774775739
-1011241326
-550316808
15592464
-223977727
-248532729
797197807
373582465
1041651562
-203682528
-583464118
1060544652
2445471
244818321
-924758406
685796399
-539182151
-558988897
468251912
-105584793
-716409261
-324677192
1056779580
-665471425
361068424
642364387
-883479637
-1038880171
-613753866
-712475241
1013625898
-314787782
-649974744
-610432735
774546505
199789353
214776359
498002487
-500370007
182686096
-779421866
-10092301
169488924
296765429
-839015805
318472341
-91179997
-304456132
833225267
-696669910
663700898
-956925818
52394722
646738653
-548655420
-660278679
215361215
-358393233
-625417027
675349172
2873349
-685532954
-713180435
426640428
-222223865
-1012375755
-447312044
1066294317
559368556
126059773
175238589
853688513
-957774353
-729014312
76712117
-723048335
663199852
1059273944
46237356
422683294
-711137791
-363803570
539499299
414998754
-790806742
1064585703
828461898
498296297
-367549355
-870696953
99903644
709065817
-482488084
460465033
61964420
369029874
521831101
688394200
361582367
7457832
-259287852
-536920869
-212595479
-143320382
-192193358
937858461
207373106
-602735331
923390580
-820131362
893689786
-861489035
-110193109
359447261
627251542
172741972
350291139
381971616
-402703556
1056483607
585016486
770941912
691807599
-971213423
157665120
-319969806
471558275
-394245604
-705317431
-240601183
686954052
109136540
296219771
-599383252
1039557981
-969715412
-735266616
173189263
-498708920
-885617860
426799724
-678760959
-673365072
-757135210
754428125
1027628293
489348585
30977439
335858084
-987096795
13719221
-152867255
857586940
-368215005
-50338854
-58489765
385557013
-652522404
621006454
753981405
180618236
234218681
-210623879
-596903818
708577252
-244807723
-492877407
1047052460
1002123363
82155496
-912307225
355181262
477136360
-511930474
671787875
157822661
-558044006
87394636
-884941725
851555902
174039664
202519320
-375053178
-42115221
908046138
648349791
973136837
219861326
1069569210
520401466
-99899093
176445621
-319121677
763218851
653283626
-684286250
-555330697
-913335606
-710975615
-626949158
242561713
-549541017
801973927
-354043751
12270332
400019978
877520733
527968150
-586327211
1066320831
305782227
661454276
195098326
1004470872
-454402770
29402640
579078839
-555007758
-824477859
574906224
1039135531
149364871
-322389979
-353727971
-161158103
-742848178
35727603
357253024
-582441960
398493811
804045689
733861576
922694618
532277791
-693924000
-138776875
-141444056
-890145092
-684550550
345970556
-897566085
694973500
-66316993
371274064
625702548
553022060
-673065121
131039562
1071756125
-423801156
-367796039
1037149832
799305538
383555805
-390319964
-435594389
714449451
719149462
995400458
-941734334
43901449
725704322
865869065
-107145758
184240288
-901796759
827819190
-1030945592
-718200028
-930473184
388766787
-542024290
838242139
-751292030
902991598
390202862
875471853
-843815348
-552499401
873486154
-193874681
153446384
836894161
-468310967
-536739636
-627167628
169836467
-896032010
-981759990
91495100
-764024521
135883282
-256542403
-971897280
-1045004301
1001439708
-799952216
856556712
1044235939
-444410421
999825351
359260902
87307113
764325666
681710695
-83443114
80786703
483440723
146483361
602029126
283185052
1026350504
-318266315
46337388
-515702288
218735872
492911584
727876002
396445686
584893417
-254370723
706162988
-352965126
562828697
808007531
-324227604
490526580
-1065686510
-541412717
461020695
-436355107
-615329190
-253460228
724693829
-924745349
-645491358
-432491110
229783177
911691188
787734074
-241929522
121134416
740342753
513545986
-906270021
-849101360
-341459966
660383386
952516465
-1018756105
171534978
-375596083
761148706
892311675
-886509211
495414413
-505657754
677759193
503469726
26671353
65038063
-1006627206
485083986
885319658
791808446
634080460
-833913525
-714424489
-209878188
-995964162
-1000432239
621934114
198912077
813652337
61738275
366383880
1038292801
794020132
-46974559
917067441
849005850
-949181405
-532270466
536412732
1016872093
-345037854
-41914680
-562527485
-741020486
-612186779
537885691
397759400
-545072161
-50772148
209337233
-827005540
-490433513
449165531
-467688205
373430122
526943193
-394378621
-78377589
-347886555
-654468109
1057102510
-1055244500
-689917133
777380817
-28477235
-846591516
552644843
96083183
-305120159
15315750
39213451
423583810
1047142893
550427789
756305148
-638785711
14571655
80322723
-110116049
1037541330
-784081868
136620235
-526634008
738825486
742673853
920537938
192026854
-725446593
-231581476
917882123
-306172879
-248220791
936379446
77651812
-544581798
-165839614
304802119
-1065678780
1003985392
1073423783
23378793
-30542981
423265768
-3220139
-553857017
105829091
431735973
534456462
-887590010
-752121900
498255967
-597930055
458240158
1045363783
-932846394
127172186
892159896
332922284
475467416
-413163405
177062582
-904447288
412357628
39700203
246946347
941517653
947602413
-521993359
949580696
877845980
-522311401
-100782336
-226438826
974696191
969739348
293445981
6783457
327733496
-245839382
192935270
649353419
-821325240
668747038
33851752
-849703282
809642468
-912717887
-1031285211
68822927
636491352
-370706792
-827856316
805785888
-1032090989
285585710
-21009590
983168487
159446298
530738875
859007358
-36449546
-1065314351
-315516803
810853451
983123663
-419519280
30557607
-83834704
981956039
858460048
-964641259
557567634
-1036607016
777847603
-482322439
-812568475
513748246
-321298502
-770111862
-491170652
-758548975
-67076831
-245285145
-1026504912
-25425997
-1033441260
26227322
-115999335
199746862
-516775628
-330733802
-910444509
-508348156
427491218
974150765
-598966317
-1065769887
-69033452
390940802
989927975
-284315229
500041366
473753784
-247180422
204147144
1065173169
13992927
-355846435
-329867158
317622888
226724736
-14674310
-823195768
1055181414
32562602
225120058
-1052001670
-1014951901
-964621102
221487015
-457985706
-221613081
384784329
107407961
-867863688
285193269
582183467
-859891752
-857582008
-100617556
-943705602
-68155413
-674318014
603790006
758405988
603570953
595221350
-301342910
-826017306
-808387633
-1057461847
474449253
250679880
-806915792
455888843
-790499343
491946089
477628996
-731709421
601066810
-374625814
-115953304
-694288096
-1063583310
1065196481
-488409961
295351782
573638123
-274559890
511511598
-600721257
-144523668
-630385640
-201297448
-614475487
-945721477
-671468320
1054487686
-173322563
-423743803
-827641772
-157042587
-1023036374
496779931
109783445
506594292
780022412
-472012291
-89518537
-1025428834
-944687305
609597472
-67640314
-565233578
619755985
-76185658
20098285
-158634058
-576289360
819280218
-720864285
-103268794
-398985275
-277508102
769175581
60281061
-149487755
-976034563
41026922
750931505
-326036543
287126973
-479852907
-275331094
-289834920
703672361
-842478627
-583554333
-842081754
141744659
-535241344
-713027236
-322399694
470860165
-204518991
-776385534
-679067318
889321117
138722232
-181614854
634859511
491599770
788858175
-837867589
-859650156
484291932
296155296
64603912
581999192
-736559607
-258206408
-817779176
624309190
335682508
-19368446
-739267555
-34386955
211894750
-249080065
197273114
-720102415
289420414
557987701
31239714
-313461245
-720273115
328596004
81213260
-904693822
-606423589
973340229
803907512
958918004
688456580
1039781746
-974473977
99006687
262195217
163871758
-392735946
599377434
979407173
-136773299
149944799
241347857
917600078
484419067
-866780923
55753004
-838402823
404234014
409392412
524759414
-111520110
-633109699
-862443656
241948598
769228128
292511428
410996599
-910937286
192109832
141162286
-1025761106
-193175413
107202208
-926493260
979573097
-704344400
311120322
-486904674
968774857
216785670
450063851
44977831
-615608298
293922104
-544344927
-408647398
-724066717
-309005927
1069328439
759067518
-857988337
-115933496
25
-947784005
-646690170
-947726722
895185946
719563081
537011700
1057990484
-162068911
-395567838
-1041512447
718497499
785376193
-894263884
624328772
-992710032
490598261
-936317727
1049806649
-366357893
587487947
21042655
91775632
-192331773
550439552
756870058
1000
-444902165
-924682662
274367893
-1038797942
849903198
796626603
-263742774
511630227
-188962842
373768428
-15408826
86137703
-284614728
-52861893
443756823
925766782
470929256
-973330278
-396176958
-963306990
83304855
-503979658
-657563731
-160232043
787625584
-364778013
-710224122
367857046
730932796
440533808
-200644417
-787711194
589592969
-1000018349
-752767313
365754342
870350077
57231737
-196357256
-392354590
-642741660
861975742
767524936
146385435
-264627976
137539935
-1589608
-867440545
237951480
675975257
-757005712
-752485490
-901746226
-340827620
161024290
959621181
368136191
524541991
253736403
25327162
-108666026
-1020649839
311357791
-592814882
-946926365
632332301
846681284
997165536
-384177787
-423417797
-468930879
46822377
-635183880
-775147767
-880534013
173929967
436133991
191618203
380231245
-399656354
-206148365
696967356
-78400021
-34152767
-717602088
-991117556
-148273411
724275926
607166258
-968278833
-324138737
-575241593
-915186849
1060960877
-94314652
-788371390
619551353
-321375193
-864947679
-838368258
328948834
-260136735
282195942
767506777
38457321
475403752
-132305080
-599150513
-406719870
-825815660
74934956
460873589
944893520
1070276758
-647021003
-846450393
-994582623
278447409
951567356
686325458
383910400
-446313206
-962657960
542465374
-459094154
16769212
827835807
-913284626
769135842
1036629951
-677911061
24342851
-297248608
678026704
-281892196
814950536
79688632
659544547
-857941801
746710585
907470710
290734978
133842349
778622405
287269912
560563169
1005913835
366429112
-234731246
883739366
-20987254
-924562671
-636315665
90096609
691644526
-21667996
-966876004
445738509
138789202
876001662
408626635
534619964
-173397312
-962363798
138904844
618452315
926328562
-855148349
204255037
-1005355064
965304059
37983923
359121737
25404584
-257135497
-427350176
-487774072
-324963486
1012820760
351236505
-514965945
-81908319
500415657
-77539786
-1065553535
118318359
974534041
-958687715
-509684957
39581418
991055770
972683501
-499540442
-256083367
-1063422121
713106225
-711372876
936648264
931699699
566623984
1005035023
823261933
-469133918
290414935
-225075308
347472409
936806583
360892444
-1051232902
875885518
-361612876
-492457024
-279764626
-934939043
503745013
-271576338
257121139
404537230
-156522230
821178005
-629623177
-239208285
720119681
-55421796
578450172
730439383
-416057396
940819119
593345822
-558099522
433701278
524639020
-808579413
1038309184
-258687869
40087102
312039768
-395623111
-672762279
334548689
-593479418
39366669
915833488
200497779
178169449
345836677
1002663264
-638451237
-323367918
-227600790
-891015057
120750728
606932748
902846447
-1008412892
111641095
559544006
-350728465
-21281611
79148003
164913837
-661322157
-469954801
430076247
-696754798
345099153
-603578476
689026793
1023217865
-202598931
-50166343
-644003378
910509561
-208074680
630236224
14937185
-935979828
559157663
450227771
-185605923
-742184952
632954537
1008886629
938489620
462059159
-1073268088
-23611110
-52138660
-350254730
1028849103
-1046732481
888400930
-706214879
-442945459
244735352
-329227854
975895517
714898700
-713942886
925371557
-561442056
309632594
-792373646
-724674320
-972183911
911604401
364004688
-834421915
397020239
-259509366
53713985
728577111
-700296654
-11141211
593324906
835504328
-10667476
-504028029
-290376156
712819618
-548920751
-263366814
527478723
-181393807
367429550
-301527749
563120162
269583242
-660370874
922919099
121212974
-148071107
158809868
402581151
200996396
260367781
240443727
-508740741
499687689
-436277859
305491716
-520340151
-781442573
678936885
542260462
885624156
440699388
-542148839
-692145697
-923418593
-903071046
-167324625
-113043584
698149501
725023392
-819355859
-677120073
214401729
523969206
-263749124
63579004
-428559645
661921592
-851352953
1047763329
-210823837
482756651
214465231
354177245
-91297485
851929196
-414072864
462104188
-1003255202
-808877804
-69377175
956110778
705563407
462215809
-809776744
855886638
632886587
96640454
-330898771
257294263
-252077979
-76512806
653916013
1036065574
-626285425
-683574936
25902753
18896754
1052088479
248291623
-7081742
-232477183
-342693550
-866358335
-952041763
639750788
1059312684
-292372804
28113151
-1017684343
-27508785
1032477799
1012168258
-395687203
420951784
-871350311
-613542390
-19903454
299031967
129300663
-836351016
-1026787837
-1020953968
891306820
-1064464088
-573497570
-866009941
35180488
519141007
-887663287
-790269713
-561682559
-46398647
-59221440
-354299071
75301413
-493212477
-368728212
856670432
608642498
-312670732
-244580178
567378472
-374244298
433474442
-85411569
-171852786
893673876
968426800
-946562644
-50767286
-941666041
-899608657
2020569
1023382602
-890330922
502264822
-916369164
218591390
-52335995
-730290628
502063500
459723269
297052548
-630899765
-968317627
-701387864
-50370419
-263304016
-918459257
-515469746
497767075
-89297612
-1021833098
-950219048
-729564994
-33502844
-48330010
-909632943
-138817868
78849169
113341594
-6742086
252982335
-958379662
-57101308
436393237
617626983
100271351
-418757198
-508450837
443722547
-990435523
1025014255
-332966730
-547593465
-1017045197
39387230
475777939
-206607390
194669796
1034050017
-782582139
-968369640
-1061524906
-659059364
-624192811
-21285927
366352449
-460083931
913638028
-628540206
726999486
-166845882
698183952
842361647
849794633
60835364
386246805
-123675841
715819989
951537792
-753695119
799126289
902810222
-12920025
-822209001
959506849
-1047274620
727310762
-320842366
221136999
687618954
-29682682
326509182
699835871
384999778
776058194
-395191881
-322389598
-757767562
-555295677
122812019
1042973747
351600264
-252745853
811593569
127653072
881831334
124098550
-1069764594
523909499
1894517
-749717889
249293963
-169037086
311103909
500826786
-283272062
337571112
154395723
469627396
-515033714
-231727148
-633797111
885217292
-605633102
824944490
587533661
72916840
-571186932
903507923
591362986
625366910
872739845
-130778575
-701120768
610591590
1070616320
-893031258
-339051685
-1072890098
704620064
736584655
-748866164
-119827798
-506194256
635979568
-692742837
284275506
-100191145
535394709
-319838923
458516964
-770074264
120105789
269992431
-301965543
-128691545
-216215732
844693121
373863346
-386449634
362314282
-74511569
-587451614
-842206117
298109487
-1050601849
-845331622
478820052
-315911711
-844479897
109698291
-653068881
-519604238
1063612316
-85521313
-957366495
-702872345
-874987632
16184183
906264187
-121084732
-599040677
-937551901
1072762880
744693577
-165775621
-129670490
-545263980
-394824325
-829548969
142028209
1041231781
169681286
628318419
-874716161
-605951052
651458393
-646305960
946610823
-738195142
-417044033
-17432711
-317522200
137093552
-27562220
670698310
253468881
343307258
869452501
-804088761
175829621
-325374056
-329387615
312019543
-326353000
-658435862
-927497903
617718333
-129958019
-248580404
861911188
-1061671634
-281090448
-42149351
640388608
-82064786
425641420
218105176
345371077
298510418
553651857
1002068867
-792664118
-837612167
65420595
253515485
906827966
-754852349
-476919081
702538643
-485199287
772652363
-696577238
259154922
10930081
50811585
674460883
157174001
-405211906
-529238961
982335420
-617042543
-517168772
-372496853
414549929
-950521989
619180184
-233550476
341325011
-109190563
-1008781883
-178764957
-180863521
-727704178
57364699
958298897
599553130
-109549159
-870295277
-951107776
-480752341
-281752740
895286410
-103587756
1051144005
-167525334
1020965653
651863063
1063390491
-457988078
-951117723
971984086
-1288798
-394544671
-474254591
-660480694
-271324837
-928816232
179710653
-1003741651
35735028
244670593
-108764784
928613331
590708238
1022341738
813170403
116519543
-160949246
1016616950
239153591
432040236
-338877615
60698176
-745289344
-361475435
966914666
-798065516
-783354197
956563332
-182311771
-660730097
854805593
890141254
18467055
-693190823
-844081265
820884042
-548265231
409371211
890884214
561211620
-419700021
-291622395
416083126
-902733608
-343022481
155511705
287527758
569770096
98386830
-547060476
-71931492
833251038
587379524
256520987
-601966222
480552365
532197294
-311578596
363373872
-723856302
101433130
144437640
-907456873
-953841639
524988641
-677796315
940784226
1050465233
805316719
757926615
537935028
-688125127
-607437604
-119723670
-517116912
123281738
-1037953790
844152669
-380689991
134174863
-776649631
621120340
-106315924
884471716
-196100498
365459677
291282256
-737645029
-1019860744
-419085697
-387759508
155314209
799093766
-221474558
275214393
250340582
174470950
142256794
227063990
-93954156
-173558415
-308742806
291662540
292745804
645275347
848287451
-657714283
681063380
618698296
35337549
-258503582
915790488
-417283935
708922317
726520379
460357390
640169
-55939190
796454185
54521248
598716936
-665047148
-863906368
324068877
187220118
485049849
-499332365
-712050757
-446435182
801473448
267736911
453748226
-581011183
-514342374
-327247795
-1009477661
-739796747
88779745
745327542
952643372
-949624530
-586917865
794692035
-293166642
-951737373
447470589
-906551077
122644619
-682210426
963644931
-896575958
990248333
-775144041
-686740502
240575385
485817900
872051170
814984843
847508966
-648125837
542716467
41504052
879364213
1035447107
600903502
-521625407
-1047772378
934848578
640896162
771296987
813750125
765013455
-889362702
534700335
-601895012
-767358252
-91570901
-434704266
429028191
299960496
-544801159
606194056
216467004
-246203377
993195377
-616699436
-834127302
791504722
-875456417
-1060360161
-930362939
741001873
54885715
1022743097
702707155
-417952608
-572624135
728676600
-556845855
-1005469798
426231763
-816837555
833285480
610610884
791604603
-842351357
916994455
-373708123
-203313799
272280821
999994196
325626865
-195266947
142719375
-994318337
-275813395
599761762
-754703816
-558050497
798047168
-741322154
-414671613
465307216
387305384
-465670341
94272547
1043094599
35447347
-250792678
-587493081
103719373
-898302740
-330588813
-136736972
786049967
-612726035
94653495
629302598
87307665
965081519
-172158406
13560036
216966559
706316470
-917462414
296390045
-643238749
756041172
615428052
-127547423
480346515
947847721
531522787
-128088093
261411281
-1007889379
1039926277
230764055
101299791
-284608226
717012798
-868722661
-109169142
-687317840
68282191
-396861000
-226302051
-910806139
-841300227
934747437
-1019466445
60283191
-125434351
271241937
-307142164
30845058
-506109843
123360910
-286855595
-964423616
25
1069555310
-880250904
1057165928
527336272
65402826
244835384
593188716
31587278
-598142385
-379253317
820720875
-954871412
-174234155
-362190092
-568447429
967789859
314690732
278992343
-1016758105
547132328
139997956
-962482727
-466326306
-1059178220
382501033
1000
-444902165
-924682662
274367893
-1038797942
849903198
796626603
-263742774
511630227
-188962842
373768428
-15408826
86137703
-284614728
-52861893
443756823
925766782
470929256
-973330278
-396176958
-963306990
83304855
-503979658
-657563731
-160232043
787625584
-364778013
-710224122
367857046
730932796
440533808
-200644417
-787711194
589592969
-1000018349
-752767313
365754342
870350077
57231737
-196357256
-392354590
-642741660
861975742
767524936
146385435
-264627976
137539935
-1589608
-867440545
237951480
675975257
-757005712
-752485490
-901746226
-340827620
161024290
959621181
368136191
524541991
253736403
25327162
-108666026
-1020649839
311357791
-592814882
-946926365
632332301
846681284
997165536
-384177787
-423417797
-468930879
46822377
-635183880
-775147767
-880534013
173929967
436133991
191618203
380231245
-399656354
-206148365
696967356
-78400021
-34152767
-717602088
-991117556
-148273411
724275926
607166258
-968278833
-324138737
-575241593
-915186849
1060960877
-94314652
-788371390
619551353
-321375193
-864947679
-838368258
328948834
-260136735
282195942
767506777
38457321
475403752
-132305080
-599150513
-406719870
-825815660
74934956
460873589
944893520
1070276758
-647021003
-846450393
-994582623
278447409
951567356
686325458
383910400
-446313206
-962657960
542465374
-459094154
16769212
827835807
-913284626
769135842
1036629951
-677911061
24342851
-297248608
678026704
-281892196
814950536
79688632
659544547
-857941801
746710585
907470710
290734978
133842349
778622405
287269912
560563169
1005913835
366429112
-234731246
883739366
-20987254
-924562671
-636315665
90096609
691644526
-21667996
-966876004
445738509
138789202
876001662
408626635
534619964
-173397312
-962363798
138904844
618452315
926328562
-855148349
204255037
-1005355064
965304059
37983923
359121737
25404584
-257135497
-427350176
-487774072
-324963486
1012820760
351236505
-514965945
-81908319
500415657
-77539786
-1065553535
118318359
974534041
-958687715
-509684957
39581418
991055770
972683501
-499540442
-256083367
-1063422121
713106225
-711372876
936648264
931699699
566623984
1005035023
823261933
-469133918
290414935
-225075308
347472409
936806583
360892444
-1051232902
875885518
-361612876
-492457024
-279764626
-934939043
503745013
-271576338
257121139
404537230
-156522230
821178005
-629623177
-239208285
720119681
-55421796
578450172
730439383
-416057396
940819119
593345822
-558099522
433701278
524639020
-808579413
1038309184
-258687869
40087102
312039768
-395623111
-672762279
334548689
-593479418
39366669
915833488
200497779
178169449
345836677
1002663264
-638451237
-323367918
-227600790
-891015057
120750728
606932748
902846447
-1008412892
111641095
559544006
-350728465
-21281611
79148003
164913837
-661322157
-469954801
430076247
-696754798
345099153
-603578476
689026793
1023217865
-202598931
-50166343
-644003378
910509561
-208074680
630236224
14937185
-935979828
559157663
450227771
-185605923
-742184952
632954537
1008886629
938489620
462059159
-1073268088
-23611110
-52138660
-350254730
1028849103
-1046732481
888400930
-706214879
-442945459
244735352
-329227854
975895517
714898700
-713942886
925371557
-561442056
309632594
-792373646
-724674320
-972183911
911604401
364004688
-834421915
397020239
-259509366
53713985
728577111
-700296654
-11141211
593324906
835504328
-10667476
-504028029
-290376156
712819618
-548920751
-263366814
527478723
-181393807
367429550
-301527749
563120162
269583242
-660370874
922919099
121212974
-148071107
158809868
402581151
200996396
260367781
240443727
-508740741
499687689
-436277859
305491716
-520340151
-781442573
678936885
542260462
885624156
440699388
-542148839
-692145697
-923418593
-903071046
-167324625
-113043584
698149501
725023392
-819355859
-677120073
214401729
523969206
-263749124
63579004
-428559645
661921592
-851352953
1047763329
-210823837
482756651
214465231
354177245
-91297485
851929196
-414072864
462104188
-1003255202
-808877804
-69377175
956110778
705563407
462215809
-809776744
855886638
632886587
96640454
-330898771
257294263
-252077979
-76512806
653916013
1036065574
-626285425
-683574936
25902753
18896754
1052088479
248291623
-7081742
-232477183
-342693550
-866358335
-952041763
639750788
1059312684
-292372804
28113151
-1017684343
-27508785
1032477799
1012168258
-395687203
420951784
-871350311
-613542390
-19903454
299031967
129300663
-836351016
-1026787837
-1020953968
891306820
-1064464088
-573497570
-866009941
35180488
519141007
-887663287
-790269713
-561682559
-46398647
-59221440
-354299071
75301413
-493212477
-368728212
856670432
608642498
-312670732
-244580178
567378472
-374244298
433474442
-85411569
-171852786
893673876
968426800
-946562644
-50767286
-941666041
-899608657
2020569
1023382602
-890330922
502264822
-916369164
218591390
-52335995
-730290628
502063500
459723269
297052548
-630899765
-968317627
-701387864
-50370419
-263304016
-918459257
-515469746
497767075
-89297612
-1021833098
-950219048
-729564994
-33502844
-48330010
-909632943
-138817868
78849169
113341594
-6742086
252982335
-958379662
-57101308
436393237
617626983
100271351
-418757198
-508450837
443722547
-990435523
1025014255
-332966730
-547593465
-1017045197
39387230
475777939
-206607390
194669796
1034050017
-782582139
-968369640
-1061524906
-659059364
-624192811
-21285927
366352449
-460083931
913638028
-628540206
726999486
-166845882
698183952
842361647
849794633
60835364
386246805
-123675841
715819989
951537792
-753695119
799126289
902810222
-12920025
-822209001
959506849
-1047274620
727310762
-320842366
221136999
687618954
-29682682
326509182
699835871
384999778
776058194
-395191881
-322389598
-757767562
-555295677
122812019
1042973747
351600264
-252745853
811593569
127653072
881831334
124098550
-1069764594
523909499
1894517
-749717889
249293963
-169037086
311103909
500826786
-283272062
337571112
154395723
469627396
-515033714
-231727148
-633797111
885217292
-605633102
824944490
587533661
72916840
-571186932
903507923
591362986
625366910
872739845
-130778575
-701120768
610591590
1070616320
-893031258
-339051685
-1072890098
704620064
736584655
-748866164
-119827798
-506194256
635979568
-692742837
284275506
-100191145
535394709
-319838923
458516964
-770074264
120105789
269992431
-301965543
-128691545
-216215732
844693121
373863346
-386449634
362314282
-74511569
-587451614
-842206117
298109487
-1050601849
-845331622
478820052
-315911711
-844479897
109698291
-653068881
-519604238
1063612316
-85521313
-957366495
-702872345
-874987632
16184183
906264187
-121084732
-599040677
-937551901
1072762880
744693577
-165775621
-129670490
-545263980
-394824325
-829548969
142028209
1041231781
169681286
628318419
-874716161
-605951052
651458393
-646305960
946610823
-738195142
-417044033
-17432711
-317522200
137093552
-27562220
670698310
253468881
343307258
869452501
-804088761
175829621
-325374056
-329387615
312019543
-326353000
-658435862
-927497903
617718333
-129958019
-248580404
861911188
-1061671634
-281090448
-42149351
640388608
-82064786
425641420
218105176
345371077
298510418
553651857
1002068867
-792664118
-837612167
65420595
253515485
906827966
-754852349
-476919081
702538643
-485199287
772652363
-696577238
259154922
10930081
50811585
674460883
157174001
-405211906
-529238961
982335420
-617042543
-517168772
-372496853
414549929
-950521989
619180184
-233550476
341325011
-109190563
-1008781883
-178764957
-180863521
-727704178
57364699
958298897
599553130
-109549159
-870295277
-951107776
-480752341
-281752740
895286410
-103587756
1051144005
-167525334
1020965653
651863063
1063390491
-457988078
-951117723
971984086
-1288798
-394544671
-474254591
-660480694
-271324837
-928816232
179710653
-1003741651
35735028
244670593
-108764784
928613331
590708238
1022341738
813170403
116519543
-160949246
1016616950
239153591
432040236
-338877615
60698176
-745289344
-361475435
966914666
-798065516
-783354197
956563332
-182311771
-660730097
854805593
890141254
18467055
-693190823
-844081265
820884042
-548265231
409371211
890884214
561211620
-419700021
-291622395
416083126
-902733608
-343022481
155511705
287527758
569770096
98386830
-547060476
-71931492
833251038
587379524
256520987
-601966222
480552365
532197294
-311578596
363373872
-723856302
101433130
144437640
-907456873
-953841639
524988641
-677796315
940784226
1050465233
805316719
757926615
537935028
-688125127
-607437604
-119723670
-517116912
123281738
-1037953790
844152669
-380689991
134174863
-776649631
621120340
-106315924
884471716
-196100498
365459677
291282256
-737645029
-1019860744
-419085697
-387759508
155314209
799093766
-221474558
275214393
250340582
174470950
142256794
227063990
-93954156
-173558415
-308742806
291662540
292745804
645275347
848287451
-657714283
681063380
618698296
35337549
-258503582
915790488
-417283935
708922317
726520379
460357390
640169
-55939190
796454185
54521248
598716936
-665047148
-863906368
324068877
187220118
485049849
-499332365
-712050757
-446435182
801473448
267736911
453748226
-581011183
-514342374
-327247795
-1009477661
-739796747
88779745
745327542
952643372
-949624530
-586917865
794692035
-293166642
-951737373
447470589
-906551077
122644619
-682210426
963644931
-896575958
990248333
-775144041
-686740502
240575385
485817900
872051170
814984843
847508966
-648125837
542716467
41504052
879364213
1035447107
600903502
-521625407
-1047772378
934848578
640896162
771296987
813750125
765013455
-889362702
534700335
-601895012
-767358252
-91570901
-434704266
429028191
299960496
-544801159
606194056
216467004
-246203377
993195377
-616699436
-834127302
791504722
-875456417
-1060360161
-930362939
741001873
54885715
1022743097
702707155
-417952608
-572624135
728676600
-556845855
-1005469798
426231763
-816837555
833285480
610610884
791604603
-842351357
916994455
-373708123
-203313799
272280821
999994196
325626865
-195266947
142719375
-994318337
-275813395
599761762
-754703816
-558050497
798047168
-741322154
-414671613
465307216
387305384
-465670341
94272547
1043094599
35447347
-250792678
-587493081
103719373
-898302740
-330588813
-136736972
786049967
-612726035
94653495
629302598
87307665
965081519
-172158406
13560036
216966559
706316470
-917462414
296390045
-643238749
756041172
615428052
-127547423
480346515
947847721
531522787
-128088093
261411281
-1007889379
1039926277
230764055
101299791
-284608226
717012798
-868722661
-109169142
-687317840
68282191
-396861000
-226302051
-910806139
-841300227
934747437
-1019466445
60283191
-125434351
271241937
-307142164
30845058
-506109843
123360910
-286855595
-964423616
25
1069555310
-880250904
1057165928
527336272
65402826
244835384
593188716
31587278
-598142385
-379253317
820720875
-954871412
-174234155
-362190092
-568447429
967789859
314690732
278992343
-1016758105
547132328
139997956
-962482727
-466326306
-1059178220
382501033
1000
-739342013
1049867422
-135575203
733901833
724314757
213960963
-548417774
90257606
-586211865
-501604827
26901980
458560953
597109714
-989745655
455595363
-210587242
-182817916
703859225
48004303
-580697629
-791921000
184914787
892715999
-385400845
-823528914
-361241582
-198179010
840365108
985836947
-959689378
-961112240
-827246891
-983563780
-22945619
980396766
814492800
-882726481
-641762833
-168991419
-395196522
-69625837
931652384
-1010377394
-546257948
1015648552
518959792
316896633
-240911189
149077193
-708840888
252133005
430898016
549815722
71107179
-1028244653
800028631
783607421
-152681840
566651915
695702543
-38629395
679281498
942197475
51548648
-417405946
848852416
-207700377
-226390603
-866652241
697050027
452154698
137463745
554960586
515519127
664947621
496867314
-39262905
-91897571
-817785700
-963927537
273003364
508089129
540712302
-250922738
-494545517
586209472
-524635932
-784679921
-640214193
-1031725842
984764445
394898236
721297480
853220096
-627294941
-769850291
628330687
238746506
77500929
835420269
-137945292
-544086198
-100857810
-656726530
1045174753
-509652014
913882607
-67829977
472192238
-977644918
41984309
-328546222
604186034
-491045214
494272863
-964101307
-978577566
1043378754
-675039405
-545049936
-1062088912
-764016784
923590123
732950391
-984538513
-777446642
1036841923
717533997
535041687
40601028
479212442
-676645430
570256653
-695387193
-259630137
541689581
-131297384
-419489355
-599882221
-732846971
-323392449
515843911
12348630
-792948240
-1048943127
-567120332
-683307724
-953778870
-597483402
-284605305
-425086983
-585830491
25119734
-575238684
-926621925
114323044
-278943503
-963521827
-241884784
-817643641
150821024
-836414167
-420547248
-352664147
-458059537
393564439
-884716391
484384902
1047816907
-410856788
825279755
-349317367
-968754702
-236113440
-68523783
-943956006
270508052
321910316
-823993053
746766473
-1036436814
-175338212
-912805843
62424743
323164927
-765685945
-896994038
-1029520401
-655465949
-65136998
-773422219
569096899
172190658
-120227644
-857309073
787872945
-800405030
-668283641
198516022
-826329947
-5398606
-49946048
-101905491
99588516
787682336
903312549
229374333
-15551437
151481041
479123104
-342526789
188786050
-769956933
-181590809
-822531031
626949817
126465069
-645783246
671171239
544740943
362821579
971490843
40096017
-538729587
-222478626
256528767
-824598467
50858168
661986950
447659378
298270044
-417153481
-676028494
-877377272
756176858
-962087983
-1047806547
-88190633
96102403
177416317
-682809354
827317437
-707539458
-379024464
-428015197
-456328666
-825816472
772191695
-28370088
919096590
243190813
-739290334
816845608
-790454994
-204278098
-479374843
539815596
44865258
645225148
128060721
-581217188
-130246633
784649064
-183503859
66117919
467084097
-71850019
92053195
-694848361
-1049489441
-804272313
-303915892
851569819
-438069948
390801467
-650187203
179343210
638726818
-951737333
-922768703
484081583
365195303
-588317214
227185366
648482132
281146512
821552347
114555904
-747730055
393035670
-831125200
-255205420
-810952787
1027265687
635032544
328906955
420607960
-510559300
-652781675
799501422
-486306918
-383312165
-578156294
-708478924
252359710
886386996
-284924304
-642038905
451371990
-162919814
-491065785
-138288252
-871466335
-5641175
-984844710
850757620
-798236488
910449460
-108428301
-472224720
229743305
134188323
346311684
492532341
87712185
-92397597
-252302529
-565421680
470784927
168657619
-839662082
1058219832
859087277
-344076553
-724000916
37705163
-531431382
64816603
469408081
993682431
975638613
1052084120
-218347645
-969569547
-27298880
-129450532
954929896
248206455
-292742897
-227240229
849723558
1010742231
980689917
122293417
429532748
-5339723
-1043846004
-896511606
502980421
500680746
345887837
737060162
485158753
131233289
-680758216
834899660
-904803373
-138447775
-174025561
638346532
-218507168
-272128773
616688827
636887010
-167956497
-484351878
-566305347
-286768426
837596400
214693579
559733168
613578133
151693985
466681260
-337870274
-492515092
-612400287
-307974455
-315284874
964321957
-881035534
-1043138862
627640294
677865042
161836250
1020623901
439022878
330774701
-191565699
-808744508
-104620592
663668956
-7131458
-561673590
226814141
898653868
27716355
734250617
-461856383
-208429070
-124797629
-975865039
-668592762
-1046845468
564558044
67278787
-465618737
1025899580
833046155
292838212
916479712
1025752444
323441173
470378181
629875662
-588464401
417260257
-4843285
816052123
-848047266
260154030
-362310294
889363513
-820719253
149757939
42435830
-995807210
-896267531
-297055378
-383921770
-30954778
651888817
-286044986
374194283
678785172
-795228766
-632268754
-860575390
-843071011
-872964424
506004646
-1000333123
-920953804
-244296006
543786881
782663681
240981416
-112694686
-295921429
-16708286
112999871
1037974424
694723243
-71378441
-856486654
-229260643
1044799212
-778552041
-51786351
-325997990
-88731988
991000694
-747850998
698964850
291453153
1004675997
977477907
732926222
-929641218
-939334929
933703621
650105251
-865926229
-1060992008
-667932579
751602476
795413496
646790660
-434834035
-574249758
-443659450
751907659
-610017159
-822678032
-393212607
-392761990
21803149
-422155219
-97572208
1043758621
325588614
887437628
961017491
651479439
512660653
178728819
582413611
416396735
-162086784
726514216
550803629
-302124988
302877643
758619224
-289375172
708686887
436479875
-567703501
281735722
-1072095985
-68211435
911818095
753553497
395513229
-984601761
-713400935
-1070990585
110943211
-61814331
-94820970
80960007
-809967542
-281125167
-31764327
915253720
-842206339
-926777333
423925506
647932219
-15122294
76697898
124994024
756494542
-694166284
-190128577
-606622455
-1059221222
-827390527
-100584133
296256323
-825744689
904946255
134332594
1001550631
226717660
223472656
-785592129
229468898
-739325958
226335364
-939093897
415375872
490109645
-146477240
-690130279
331621541
85058244
-543165789
-318194778
-340751361
515453741
832244943
857984486
198206458
-935663166
-405885916
665325826
-921142565
-159534620
-509000132
448855582
88462514
-677795701
-490553649
16271320
622663782
806660830
304421014
-221609145
-1006406953
-542985447
-86961219
482710742
1020866022
840303364
866322286
278745738
-148380216
-750585327
1034292783
584610246
838610237
792795902
368852907
-36925130
930874559
1036708814
-445341129
-1064009830
-196567631
119400562
458587575
965636706
515346684
1041775749
-91833799
64268641
774694754
-861154610
916401319
842029624
-330398233
-244301724
250998541
-383274036
-477740185
43579003
969213525
447621422
366735499
929764483
-41510157
131603911
648818560
-746399075
-979063044
505951295
-783432086
-350662350
515683288
93742106
842480035
-99470962
-14363013
284084895
-131437038
967545011
-725388289
-430484109
-967351423
-882728794
-662196310
-224007833
-53288695
662544054
466459954
542712943
-367618768
361931654
-83407459
1072858554
217954312
948824207
130720640
-206968952
-871316692
225399419
-774759482
-581006955
948478892
814665629
586476975
717217103
-358547158
-501627863
-72439827
583757627
-607824676
275913707
-920468307
-501434276
466926736
-508922794
348299714
-660103784
-920120565
-258982157
956350983
-213997509
-970792328
-200798301
-214880780
320903807
-325715919
989581684
-959806970
-123290788
141239278
-660824629
369444081
15976346
-919900825
-117820769
-340548376
-204706160
454293191
660753620
-694690358
920210338
-137074498
-541416842
-654965763
-743889586
23402187
767075774
-330251547
177023446
-565648208
-447642389
1036767760
-462698713
425301133
-251854845
931946918
-974156610
-336014986
1045881771
-23705575
878966116
-688684682
-728003319
-178799363
-534843684
227917735
554394084
334191980
-391530898
141405879
713243445
-545062385
-1069410444
-901915221
-126286324
-739558207
195228789
-432952375
3932070
-701489590
75141241
630031504
-738463655
686184351
-18409187
83423324
544389444
81176026
821150161
516529391
-1016271374
626374452
901586532
-670532869
-626166736
-706998977
631126689
1001969171
700934826
-834146034
69633225
340436447
-305466595
73964605
512263049
641988904
408148221
-366249987
-864705296
-661661534
6002247
284177768
1042111794
341280415
-103379705
-50039218
-649038086
-632732086
-1042605017
-901629749
957539128
-985134568
798486526
785383835
-581925614
-901422034
-995356966
-1024540749
-973194688
779319683
-784944960
170180361
46014305
-16669732
-829596859
-515464471
-448422653
652293185
192027366
-239386125
1064373475
-875712212
-1028950182
1032743444
539310026
-58588064
-91037599
964013764
382421674
-59900793
-1011357810
266218977
28706462
860870539
-22139012
520522672
1033190328
56245845
569723746
-1013746184
-238176297
858520609
230176000
881579832
-231890947
474320964
-707626464
393428223
52872324
558142725
-919699727
43503974
756172336
-874908085
2505593
221740538
140245674
985209817
112012477
-551074477
-148432801
174396490
788886324
954015485
-38474796
-306994513
400796332
-79026292
822993155
-103221747
-19030653
-488924967
-318442963
-862596478
-681086960
523407913
685466309
-314971600
-156905688
-335403192
-830570700
-2863592
781842606
999343460
195970146
-289393626
147342173
-737526004
-377925633
-814387175
-214858658
547383389
433751138
-499714159
427657049
-678465483
267033151
-245288444
316250048
16284481
725231632
-776522430
601101338
-666953155
-565377085
993756201
930196581
-953652601
-394957224
-300450932
-215313969
-151786100
770427300
-507213188
-226184465
-107344379
277135009
994899531
228871440
972951199
-893229469
-1059729042
446592764
614263492
-485701378
-199492012
1009539832
855073597
628961368
252048056
-202383747
280451175
549267449
-675024234
687239843
1057632188
-755009857
543694600
-969762238
-76225258
-830498157
-111334384
845730465
1013670966
455194251
-454195825
-167415237
-341412564
-533038119
-1012285622
-442203190
-352525765
-998272841
-1069352251
-812004098
-410232395
-195102439
-876206090
-628900623
-639882896
449583789
242457453
714310102
-74890587
641175043
327808121
-91000224
959907009
-202239104
12979362
-190060074
41004562
975386801
-418071433
-19066296
356839228
201474565
887260290
-1058315161
742178270
948716491
-426776528
-684089320
1024185474
-422386955
-422351594
-459788746
456252429
-224815861
-14947546
890111356
-848973897
-846231918
530679633
149877339
868684948
-215254071
-1014864709
754850132
656248648
71856476
-508951766
-376488614
-26498548
146718624
678186913
-743401145
-725548636
491705378
-727974483
-1057112191
366680044
25
-81009187
-667459687
317123693
570345681
-16069458
931076770
-47143715
832856504
-157612601
-230774184
1057624430
69897305
-773836376
133759944
-135159572
84651377
192637058
-454051264
-332841800
-809248291
110738793
364411409
237994985
-816284408
-31143503
1000
-739342013
1049867422
-135575203
733901833
724314757
213960963
-548417774
90257606
-586211865
-501604827
26901980
458560953
597109714
-989745655
455595363
-210587242
-182817916
703859225
48004303
-580697629
-791921000
184914787
892715999
-385400845
-823528914
-361241582
-198179010
840365108
985836947
-959689378
-961112240
-827246891
-983563780
-22945619
980396766
814492800
-882726481
-641762833
-168991419
-395196522
-69625837
931652384
-1010377394
-546257948
1015648552
518959792
316896633
-240911189
149077193
-708840888
252133005
430898016
549815722
71107179
-1028244653
800028631
783607421
-152681840
566651915
695702543
-38629395
679281498
942197475
51548648
-417405946
848852416
-207700377
-226390603
-866652241
697050027
452154698
137463745
554960586
515519127
664947621
496867314
-39262905
-91897571
-817785700
-963927537
273003364
508089129
540712302
-250922738
-494545517
586209472
-524635932
-784679921
-640214193
-1031725842
984764445
394898236
721297480
853220096
-627294941
-769850291
628330687
238746506
77500929
835420269
-137945292
-544086198
-100857810
-656726530
1045174753
-509652014
913882607
-67829977
472192238
-977644918
41984309
-328546222
604186034
-491045214
494272863
-964101307
-978577566
1043378754
-675039405
-545049936
-1062088912
-764016784
923590123
732950391
-984538513
-777446642
1036841923
717533997
535041687
40601028
479212442
-676645430
570256653
-695387193
-259630137
541689581
-131297384
-419489355
-599882221
-732846971
-323392449
515843911
12348630
-792948240
-1048943127
-567120332
-683307724
-953778870
-597483402
-284605305
-425086983
-585830491
25119734
-575238684
-926621925
114323044
-278943503
-963521827
-241884784
-817643641
150821024
-836414167
-420547248
-352664147
-458059537
393564439
-884716391
484384902
1047816907
-410856788
825279755
-349317367
-968754702
-236113440
-68523783
-943956006
270508052
321910316
-823993053
746766473
-1036436814
-175338212
-912805843
62424743
323164927
-765685945
-896994038
-1029520401
-655465949
-65136998
-773422219
569096899
172190658
-120227644
-857309073
787872945
-800405030
-668283641
198516022
-826329947
-5398606
-49946048
-101905491
99588516
787682336
903312549
229374333
-15551437
151481041
479123104
-342526789
188786050
-769956933
-181590809
-822531031
626949817
126465069
-645783246
671171239
544740943
362821579
971490843
40096017
-538729587
-222478626
256528767
-824598467
50858168
661986950
447659378
298270044
-417153481
-676028494
-877377272
756176858
-962087983
-1047806547
-88190633
96102403
177416317
-682809354
827317437
-707539458
-379024464
-428015197
-456328666
-825816472
772191695
-28370088
919096590
243190813
-739290334
816845608
-790454994
-204278098
-479374843
539815596
44865258
645225148
128060721
-581217188
-130246633
784649064
-183503859
66117919
467084097
-71850019
92053195
-694848361
-1049489441
-804272313
-303915892
851569819
-438069948
390801467
-650187203
179343210
638726818
-951737333
-922768703
484081583
365195303
-588317214
227185366
648482132
281146512
821552347
114555904
-747730055
393035670
-831125200
-255205420
-810952787
1027265687
635032544
328906955
420607960
-510559300
-652781675
799501422
-486306918
-383312165
-578156294
-708478924
252359710
886386996
-284924304
-642038905
451371990
-162919814
-491065785
-138288252
-871466335
-5641175
-984844710
850757620
-798236488
910449460
-108428301
-472224720
229743305
134188323
346311684
492532341
87712185
-92397597
-252302529
-565421680
470784927
168657619
-839662082
1058219832
859087277
-344076553
-724000916
37705163
-531431382
64816603
469408081
993682431
975638613
1052084120
-218347645
-969569547
-27298880
-129450532
954929896
248206455
-292742897
-227240229
849723558
1010742231
980689917
122293417
429532748
-5339723
-1043846004
-896511606
502980421
500680746
345887837
737060162
485158753
131233289
-680758216
834899660
-904803373
-138447775
-174025561
638346532
-218507168
-272128773
616688827
636887010
-167956497
-484351878
-566305347
-286768426
837596400
214693579
559733168
613578133
151693985
466681260
-337870274
-492515092
-612400287
-307974455
-315284874
964321957
-881035534
-1043138862
627640294
677865042
161836250
1020623901
439022878
330774701
-191565699
-808744508
-104620592
663668956
-7131458
-561673590
226814141
898653868
27716355
734250617
-461856383
-208429070
-124797629
-975865039
-668592762
-1046845468
564558044
67278787
-465618737
1025899580
833046155
292838212
916479712
1025752444
323441173
470378181
629875662
-588464401
417260257
-4843285
816052123
-848047266
260154030
-362310294
889363513
-820719253
149757939
42435830
-995807210
-896267531
-297055378
-383921770
-30954778
651888817
-286044986
374194283
678785172
-795228766
-632268754
-860575390
-843071011
-872964424
506004646
-1000333123
-920953804
-244296006
543786881
782663681
240981416
-112694686
-295921429
-16708286
112999871
1037974424
694723243
-71378441
-856486654
-229260643
1044799212
-778552041
-51786351
-325997990
-88731988
991000694
-747850998
698964850
291453153
1004675997
977477907
732926222
-929641218
-939334929
933703621
650105251
-865926229
-1060992008
-667932579
751602476
795413496
646790660
-434834035
-574249758
-443659450
751907659
-610017159
-822678032
-393212607
-392761990
21803149
-422155219
-97572208
1043758621
325588614
887437628
961017491
651479439
512660653
178728819
582413611
416396735
-162086784
726514216
550803629
-302124988
302877643
758619224
-289375172
708686887
436479875
-567703501
281735722
-1072095985
-68211435
911818095
753553497
395513229
-984601761
-713400935
-1070990585
110943211
-61814331
-94820970
80960007
-809967542
-281125167
-31764327
915253720
-842206339
-926777333
423925506
647932219
-15122294
76697898
124994024
756494542
-694166284
-190128577
-606622455
-1059221222
-827390527
-100584133
296256323
-825744689
904946255
134332594
1001550631
226717660
223472656
-785592129
229468898
-739325958
226335364
-939093897
415375872
490109645
-146477240
-690130279
331621541
85058244
-543165789
-318194778
-340751361
515453741
832244943
857984486
198206458
-935663166
-405885916
665325826
-921142565
-159534620
-509000132
448855582
88462514
-677795701
-490553649
16271320
622663782
806660830
304421014
-221609145
-1006406953
-542985447
-86961219
482710742
1020866022
840303364
866322286
278745738
-148380216
-750585327
1034292783
584610246
838610237
792795902
368852907
-36925130
930874559
1036708814
-445341129
-1064009830
-196567631
119400562
458587575
965636706
515346684
1041775749
-91833799
64268641
774694754
-861154610
916401319
842029624
-330398233
-244301724
250998541
-383274036
-477740185
43579003
969213525
447621422
366735499
929764483
-41510157
131603911
648818560
-746399075
-979063044
505951295
-783432086
-350662350
515683288
93742106
842480035
-99470962
-14363013
284084895
-131437038
967545011
-725388289
-430484109
-967351423
-882728794
-662196310
-224007833
-53288695
662544054
466459954
542712943
-367618768
361931654
-83407459
1072858554
217954312
948824207
130720640
-206968952
-871316692
225399419
-774759482
-581006955
948478892
814665629
586476975
717217103
-358547158
-501627863
-72439827
583757627
-607824676
275913707
-920468307
-501434276
466926736
-508922794
348299714
-660103784
-920120565
-258982157
956350983
-213997509
-970792328
-200798301
-214880780
320903807
-325715919
989581684
-959806970
-123290788
141239278
-660824629
369444081
15976346
-919900825
-117820769
-340548376
-204706160
454293191
660753620
-694690358
920210338
-137074498
-541416842
-654965763
-743889586
23402187
767075774
-330251547
177023446
-565648208
-447642389
1036767760
-462698713
425301133
-251854845
931946918
-974156610
-336014986
1045881771
-23705575
878966116
-688684682
-728003319
-178799363
-534843684
227917735
554394084
334191980
-391530898
141405879
713243445
-545062385
-1069410444
-901915221
-126286324
-739558207
195228789
-432952375
3932070
-701489590
75141241
630031504
-738463655
686184351
-18409187
83423324
544389444
81176026
821150161
516529391
-1016271374
626374452
901586532
-670532869
-626166736
-706998977
631126689
1001969171
700934826
-834146034
69633225
340436447
-305466595
73964605
512263049
641988904
408148221
-366249987
-864705296
-661661534
6002247
284177768
1042111794
341280415
-103379705
-50039218
-649038086
-632732086
-1042605017
-901629749
957539128
-985134568
798486526
785383835
-581925614
-901422034
-995356966
-1024540749
-973194688
779319683
-784944960
170180361
46014305
-16669732
-829596859
-515464471
-448422653
652293185
192027366
-239386125
1064373475
-875712212
-1028950182
1032743444
539310026
-58588064
-91037599
964013764
382421674
-59900793
-1011357810
266218977
28706462
860870539
-22139012
520522672
1033190328
56245845
569723746
-1013746184
-238176297
858520609
230176000
881579832
-231890947
474320964
-707626464
393428223
52872324
558142725
-919699727
43503974
756172336
-874908085
2505593
221740538
140245674
985209817
112012477
-551074477
-148432801
174396490
788886324
954015485
-38474796
-306994513
400796332
-79026292
822993155
-103221747
-19030653
-488924967
-318442963
-862596478
-681086960
523407913
685466309
-314971600
-156905688
-335403192
-830570700
-2863592
781842606
999343460
195970146
-289393626
147342173
-737526004
-377925633
-814387175
-214858658
547383389
433751138
-499714159
427657049
-678465483
267033151
-245288444
316250048
16284481
725231632
-776522430
601101338
-666953155
-565377085
993756201
930196581
-953652601
-394957224
-300450932
-215313969
-151786100
770427300
-507213188
-226184465
-107344379
277135009
994899531
228871440
972951199
-893229469
-1059729042
446592764
614263492
-485701378
-199492012
1009539832
855073597
628961368
252048056
-202383747
280451175
549267449
-675024234
687239843
1057632188
-755009857
543694600
-969762238
-76225258
-830498157
-111334384
845730465
1013670966
455194251
-454195825
-167415237
-341412564
-533038119
-1012285622
-442203190
-352525765
-998272841
-1069352251
-812004098
-410232395
-195102439
-876206090
-628900623
-639882896
449583789
242457453
714310102
-74890587
641175043
327808121
-91000224
959907009
-202239104
12979362
-190060074
41004562
975386801
-418071433
-19066296
356839228
201474565
887260290
-1058315161
742178270
948716491
-426776528
-684089320
1024185474
-422386955
-422351594
-459788746
456252429
-224815861
-14947546
890111356
-848973897
-846231918
530679633
149877339
868684948
-215254071
-1014864709
754850132
656248648
71856476
-508951766
-376488614
-26498548
146718624
678186913
-743401145
-725548636
491705378
-727974483
-1057112191
366680044
25
-81009187
-667459687
317123693
570345681
-16069458
931076770
-47143715
832856504
-157612601
-230774184
1057624430
69897305
-773836376
133759944
-135159572
84651377
192637058
-454051264
-332841800
-809248291
110738793
364411409
237994985
-816284408
-31143503
1000
24476988
858520463
502915250
340105764
-496342766
-398904255
-856467533
-355872038
54373310
741752567
40393193
788434958
369729092
-886549755
-656565712
757081677
197707006
-899363269
-634901146
829179357
-662918034
808443791
-833195134
381727470
-367128443
650732430
-855102037
141626623
89060733
-323577928
307268075
-960204103
-538799290
-263558500
453643484
38599768
411279068
670917775
756469553
-608089447
338928517
-276879079
-893396314
-365084215
-89687010
-476220203
-681744363
-965721829
-301841648
-242903686
937199352
108982141
-508201720
-969737607
-583032213
198411660
754736646
-364392427
-733703542
-229944446
385771468
647306356
-116406726
920714002
-689993969
-736505066
-114428055
795026922
1008154532
-431700327
-886804349
273341224
365162417
-706458840
981998832
-798266418
-108937219
-773487356
-690246423
662962956
57350782
-826788896
-301796728
622890885
-722784680
188912882
-252439279
-1041789859
898262279
87599002
-197992482
210291922
-338836466
759342616
57264099
44911388
-1050904275
1016577867
-233803514
1030992080
-488864285
-46866040
230591479
950039956
320416943
138848487
-921968287
-862262101
439102954
-538472887
874442678
-577288089
-291519960
-501095874
-1028139028
59437183
761558831
-206836484
91389147
586079285
954504341
967138489
-277370617
-458073950
652739280
853635305
660579262
675576828
796471348
-646966077
632827083
-766134762
379909706
-210323263
-889836631
-373415176
1002267047
-738063094
-161935453
367628177
-202794158
-361234600
864081911
579427706
211411349
909684706
-434876936
-100771644
-370893603
730254035
-588434184
-490131086
623650699
207937022
125536787
202648154
-12169497
-287625776
-195516843
-289439974
139149970
-636431585
18167087
-554682149
226986975
202072280
145644499
155512198
537751009
1057450869
-550601450
-738784974
-377525556
-760261364
914384555
907627617
-924318482
-594234205
-266885852
-221470262
-937721995
218421787
362140475
759670527
-647383015
-586064562
-111423144
414189311
200051485
766801836
-948992488
-734540369
-943371574
142916422
-215480695
357357224
-728753123
1003905627
-560872403
882739709
987614671
-37732030
-929787089
-463652709
275748430
1058339289
-629766917
425171771
-609636741
177089054
-870040316
-473616913
-678230984
565841983
-787688211
-251872176
1053519244
174630468
-911424690
179828904
-132309521
-786675355
519030358
-1939272
429982891
-770192161
-718323872
774971591
-840028359
-205454452
583969476
-926155512
830555342
727924210
-316066398
32561947
712521674
127908508
-616008107
-970856891
-768744263
-412306600
-370731981
-373233424
-920206442
-84678368
448636224
-940429023
-983789725
610953357
313141705
-42357422
898019826
-241569762
1029445129
254260892
61979900
-762620568
-44509342
295693365
105666804
-534281691
443279676
-137519679
-880099306
-946528547
968784091
906164192
255121784
-720965841
1009049124
560119344
-59530618
-435424682
-886855905
94004764
553638773
635522142
227317564
643590872
172733675
-533282556
-472508375
-2988324
298889506
-516805071
-822469257
-712872419
-205683815
206763224
656562769
973724812
746223357
26100620
-237536692
939865874
153313896
-342494426
772288241
-665306145
10281556
707595540
968555022
1024492761
-801570966
-992042707
44755700
825809630
717221258
-801668560
395658677
-183786892
-261209293
996892125
886966607
-1036061612
-593654770
-1009244475
-675192207
274403238
271260573
1055112385
174386225
-56257895
7471181
1010591356
-190133846
-912956748
-405644895
-491587429
-504521069
678378484
-857733714
-609707872
629129420
-585562857
-528008756
-399856704
-833495051
-884529322
-127783441
635905449
5425609
684749089
559055750
-181349608
722429301
1039142803
-116852260
-1026504731
239804216
-919333512
-1045134171
-659551384
98150416
36078833
-722701853
981758394
196863909
-54604925
-583570860
766084663
-449968266
-367562751
-917365034
-894580671
120616216
-371631966
-220695552
360862988
-182419465
725262830
-76973388
896747967
336270095
-591659463
-358343466
-15042429
-626258485
598546098
32194663
687287554
752954409
60802315
-1046005655
-222636999
-976860676
-694965685
-314620430
293745056
324171213
175550533
-13912106
947944770
881729605
142464683
-1020377725
-71396004
844574540
-167331454
-784274841
-411586750
-515810448
212493595
-588580607
894201470
694575955
126817750
-194582784
-1005424354
-348377977
911353702
755605023
-669165392
-101585808
783341192
181939432
-4704661
-985366318
941060825
-784701430
412546719
42869533
275128287
286749664
-149142687
-656148854
340113762
853203133
-885316139
-900959516
-1004813533
-223161065
-343028141
281421885
262000151
-522568496
-97743984
-684923924
356590543
-29426515
40439923
194202420
-347563317
445016354
-981125213
-637963950
-446786039
87911950
-549588444
-579467039
376952343
936700098
537144317
-421661194
149707937
-685740195
-4068225
-583920125
-906278887
184357459
-411137818
-837350596
1034938217
319575864
517813112
223196543
870749191
-653672697
612014443
153597909
390642611
-421287459
-725941496
-1030662530
-1050012930
-633324886
-594884657
-423057146
528328887
-70731278
71217638
-168460594
-207773005
-465379870
483620035
1015676756
-77378242
-594190015
-641985194
90084695
663909267
20618811
326475922
625105660
-733547150
-229452791
-225439622
-936539784
190616336
-687167004
290799948
-492482878
-34712640
638600275
-449403585
-10983747
-1068466436
29453582
639700930
533604275
1032464127
-362823257
-708598144
-249050702
245538696
848763714
-307115771
-905581370
-819168126
124640858
258245148
918482964
-928482156
-489020755
469846799
-588287483
355268277
-829334647
-451085444
-527857212
-442759828
913456327
53401734
596269356
478314777
677739972
-488456216
483590164
-366548271
-922497110
-56547386
-407825968
-211578544
308596293
416865153
-1039781672
83618182
-963992443
-871621219
338191879
234390238
460365752
182933019
379649905
1045086820
-420962007
865104245
326613272
-176554831
-659723024
872497884
454427165
-820008522
-147842207
-23045304
732048078
-543844060
562240303
141896417
163349493
713485016
-988392793
829265348
-571835352
393945323
172388676
-537875201
-596178319
282138056
-335754597
815755383
-557213531
-949130670
-75053423
896178197
-977785675
577726394
687540617
422569420
-672570262
-1045924232
221325479
855598726
-792190931
-1000258553
-241188403
1013598970
-470360789
-752689924
81753562
766730527
1034536915
167102592
522254050
-611040262
-512693909
-379099099
-75173640
-35130405
976780780
662813586
-293116847
-654174576
787424739
705571554
-831738204
883380887
209556123
929544236
232208483
610727684
957361827
-620207863
392584586
-908570929
-546724592
-922345642
-968713784
56656442
-601293743
186781601
-250354856
-640498652
-719857631
-801842631
-177797091
-158809717
-107199907
820771093
879801701
-204160952
409842854
-487056971
215406295
123525769
-855227242
457409914
-66835169
428070704
313212325
-908368511
-34943436
196832327
-454834550
-716100675
362003221
72182681
-564704494
467031260
-944902702
-92256413
-419928964
-121515735
340986758
-66044772
150383457
-910552158
848887334
-1030558275
983960758
654947210
-160977404
320061788
-905851585
-1019312934
-630154268
-687337004
511838803
376752386
814475524
-248690697
542125699
-294209737
1021883453
-986450676
63431411
310144849
159473828
572468740
-296565716
288312949
-593529498
357247143
-906944611
821199083
-782539453
317180669
984388749
-1007393944
360364217
894607682
721295090
-874355012
140927645
889185328
-819926123
584515200
-871893501
765654503
-112474238
1016323846
-556778019
-644090364
-351627716
-608636391
-556799217
785545518
775250281
676416434
284272434
-595057260
-109012442
764484759
835931706
57784770
511942018
-1020349572
-698776386
422588942
-954001692
735329654
243454799
841035221
934716465
-689359380
656478724
-958951483
968897643
858327046
880444843
-217318420
800909068
-750075001
212333039
-624460473
-284969569
729275645
-912656779
-583461113
331950254
445357478
-104776550
-850804013
136100412
-342586669
280722580
-425699395
-289194417
655688017
1070631370
-169454286
317275846
240344345
-402160890
178250486
624726788
-819423991
293040826
519882606
-1034838770
99743844
-771177638
839812121
423410666
514897224
-858390176
-935300728
170431045
-697305132
-445020018
-571360526
821794169
523945255
-348422715
-115847244
-892383238
1006041688
532195185
-107835832
587987881
529084730
796451705
-168478098
-304312750
-679451010
-1063969436
-753327787
-425133178
302813213
840296643
-386230125
-671184767
-1004622820
-620159828
825967722
584016227
-404808181
964408818
-319294553
-28371490
-554353025
183086745
-280319146
1043334054
908405853
677575433
-922791009
840705716
136028793
43114982
354951772
-408628301
-234175138
-887268150
360800772
160115675
-877495763
681214809
808724320
499059273
447769627
-651247630
901616329
516888630
-197665635
653842227
27163032
471268007
544509220
781610303
-630845308
1063898018
-109044777
162577369
1033490247
-274380749
-233589022
-963042587
-507416858
976181594
153814218
921276738
-506188532
993380903
-1039733237
928354064
79754753
-843487177
535827048
-185262752
729313919
-90145150
237231442
557188424
-646998345
-1034176018
137288826
453906510
510833813
-391943779
161774988
953730328
-401787586
-1021011614
42565873
-442039163
-221650540
882718674
-331339927
344674426
785158443
896216115
192209339
-794771913
815855193
226217925
-940159674
-178131878
456472571
669409197
710347193
112044665
-494477778
-126163190
-404508736
-67734300
-86597384
806521913
-687569615
-649505396
-659163691
547947197
-769516893
12790547
600677406
346790803
644493207
-694714958
155767652
-760588545
723701291
-132815729
-938114255
-157831195
146154181
951482762
-1005355095
279736330
-300390941
524859299
-124596298
-663785573
-436837861
454667747
283793061
232395227
-686808378
-876546148
-34824685
-300636170
-452309721
379753448
-826430798
-148084791
-681197830
847988432
-875035812
1037037200
-920468351
354473663
-797293170
876974763
-852083891
-661665601
-354598257
367812113
-783924664
-286211529
-426193382
-10573782
-835094055
522952143
399382468
-198190093
-96121935
-390566296
-1039536691
290811510
-193370621
-619552
1063917164
428061481
-694607929
-836255459
-793765134
-302063936
-1062008852
-595059123
-338768561
-908735380
833156363
-62319908
1041981206
1054814296
349756314
-386358876
348884584
639573473
401171418
996433026
-444742134
639819186
445643344
1028382158
-632112731
-724220415
-435925963
-597907599
640332918
444445240
475214672
630508257
-201235104
854348566
867994622
78741585
-521457195
879727593
557424285
25
213516067
1044734037
316838824
-922545665
1012973418
297911295
500952472
-447127282
-426945946
66784121
1027785959
-504254745
695783810
593863321
1015130423
650424143
1035492413
-782831817
-859243644
-636157011
931242924
658943419
912799485
488009357
-616033510
0
