100
8472 20550
4221 11822
1541 25261
1716 25560
4061 4634
7169 17079
1696 13698
451 28842
9734 2455
1325 1478
5134 21698
7947 3483
8842 22627
448 28740
5961 23913
5229 13957
6531 12945
26 20433
6740 11183
4156 27775
2664 28858
6898 8976
3124 26356
398 21135
998 5408
1396 17204
4689 11760
5060 17214
6057 4376
8134 13073
2188 28192
1553 23869
3312 31411
5375 9003
6477 11363
6645 21921
9897 17237
8310 16556
6038 6360
9527 20499
1522 7850
5417 28672
8131 30202
1960 20132
1124 19952
4443 14126
4168 11
680 31723
4244 28746
8795 18034
1536 6414
9523 25143
2627 28170
2539 1574
9927 3969
7917 5015
9424 6507
324 24688
640 11531
3747 3052
8008 20524
2021 10314
7443 27995
2387 2316
9660 31597
5859 17549
4338 3823
1257 2450
8345 20218
898 21897
7549 3812
9521 26315
9852 7371
1772 20741
2100 21535
494 26214
7004 21386
2671 13983
9086 16035
8955 10221
7533 2954
4921 18794
1534 15772
6617 14666
4155 14993
1489 6815
7190 6428
7423 19022
9348 5097
8759 23430
613 21204
1150 16232
1274 30608
7280 11565
1133 27732
4422 13200
414 24726
1298 2891
5888 2490
7976 15490
