2 5 7 10 23 34
2 5 7 10 23 35
2 5 7 10 23 36
2 5 7 10 23 37
2 5 7 10 23 40
2 5 7 10 23 47
2 5 7 10 23 49
2 5 7 10 34 35
2 5 7 10 34 36
2 5 7 10 34 37
2 5 7 10 34 40
2 5 7 10 34 47
2 5 7 10 34 49
2 5 7 10 35 36
2 5 7 10 35 37
2 5 7 10 35 40
2 5 7 10 35 47
2 5 7 10 35 49
2 5 7 10 36 37
2 5 7 10 36 40
2 5 7 10 36 47
2 5 7 10 36 49
2 5 7 10 37 40
2 5 7 10 37 47
2 5 7 10 37 49
2 5 7 10 40 47
2 5 7 10 40 49
2 5 7 10 47 49
2 5 7 23 34 35
2 5 7 23 34 36
2 5 7 23 34 37
2 5 7 23 34 40
2 5 7 23 34 47
2 5 7 23 34 49
2 5 7 23 35 36
2 5 7 23 35 37
2 5 7 23 35 40
2 5 7 23 35 47
2 5 7 23 35 49
2 5 7 23 36 37
2 5 7 23 36 40
2 5 7 23 36 47
2 5 7 23 36 49
2 5 7 23 37 40
2 5 7 23 37 47
2 5 7 23 37 49
2 5 7 23 40 47
2 5 7 23 40 49
2 5 7 23 47 49
2 5 7 34 35 36
2 5 7 34 35 37
2 5 7 34 35 40
2 5 7 34 35 47
2 5 7 34 35 49
2 5 7 34 36 37
2 5 7 34 36 40
2 5 7 34 36 47
2 5 7 34 36 49
2 5 7 34 37 40
2 5 7 34 37 47
2 5 7 34 37 49
2 5 7 34 40 47
2 5 7 34 40 49
2 5 7 34 47 49
2 5 7 35 36 37
2 5 7 35 36 40
2 5 7 35 36 47
2 5 7 35 36 49
2 5 7 35 37 40
2 5 7 35 37 47
2 5 7 35 37 49
2 5 7 35 40 47
2 5 7 35 40 49
2 5 7 35 47 49
2 5 7 36 37 40
2 5 7 36 37 47
2 5 7 36 37 49
2 5 7 36 40 47
2 5 7 36 40 49
2 5 7 36 47 49
2 5 7 37 40 47
2 5 7 37 40 49
2 5 7 37 47 49
2 5 7 40 47 49
2 5 10 23 34 35
2 5 10 23 34 36
2 5 10 23 34 37
2 5 10 23 34 40
2 5 10 23 34 47
2 5 10 23 34 49
2 5 10 23 35 36
2 5 10 23 35 37
2 5 10 23 35 40
2 5 10 23 35 47
2 5 10 23 35 49
2 5 10 23 36 37
2 5 10 23 36 40
2 5 10 23 36 47
2 5 10 23 36 49
2 5 10 23 37 40
2 5 10 23 37 47
2 5 10 23 37 49
2 5 10 23 40 47
2 5 10 23 40 49
2 5 10 23 47 49
2 5 10 34 35 36
2 5 10 34 35 37
2 5 10 34 35 40
2 5 10 34 35 47
2 5 10 34 35 49
2 5 10 34 36 37
2 5 10 34 36 40
2 5 10 34 36 47
2 5 10 34 36 49
2 5 10 34 37 40
2 5 10 34 37 47
2 5 10 34 37 49
2 5 10 34 40 47
2 5 10 34 40 49
2 5 10 34 47 49
2 5 10 35 36 37
2 5 10 35 36 40
2 5 10 35 36 47
2 5 10 35 36 49
2 5 10 35 37 40
2 5 10 35 37 47
2 5 10 35 37 49
2 5 10 35 40 47
2 5 10 35 40 49
2 5 10 35 47 49
2 5 10 36 37 40
2 5 10 36 37 47
2 5 10 36 37 49
2 5 10 36 40 47
2 5 10 36 40 49
2 5 10 36 47 49
2 5 10 37 40 47
2 5 10 37 40 49
2 5 10 37 47 49
2 5 10 40 47 49
2 5 23 34 35 36
2 5 23 34 35 37
2 5 23 34 35 40
2 5 23 34 35 47
2 5 23 34 35 49
2 5 23 34 36 37
2 5 23 34 36 40
2 5 23 34 36 47
2 5 23 34 36 49
2 5 23 34 37 40
2 5 23 34 37 47
2 5 23 34 37 49
2 5 23 34 40 47
2 5 23 34 40 49
2 5 23 34 47 49
2 5 23 35 36 37
2 5 23 35 36 40
2 5 23 35 36 47
2 5 23 35 36 49
2 5 23 35 37 40
2 5 23 35 37 47
2 5 23 35 37 49
2 5 23 35 40 47
2 5 23 35 40 49
2 5 23 35 47 49
2 5 23 36 37 40
2 5 23 36 37 47
2 5 23 36 37 49
2 5 23 36 40 47
2 5 23 36 40 49
2 5 23 36 47 49
2 5 23 37 40 47
2 5 23 37 40 49
2 5 23 37 47 49
2 5 23 40 47 49
2 5 34 35 36 37
2 5 34 35 36 40
2 5 34 35 36 47
2 5 34 35 36 49
2 5 34 35 37 40
2 5 34 35 37 47
2 5 34 35 37 49
2 5 34 35 40 47
2 5 34 35 40 49
2 5 34 35 47 49
2 5 34 36 37 40
2 5 34 36 37 47
2 5 34 36 37 49
2 5 34 36 40 47
2 5 34 36 40 49
2 5 34 36 47 49
2 5 34 37 40 47
2 5 34 37 40 49
2 5 34 37 47 49
2 5 34 40 47 49
2 5 35 36 37 40
2 5 35 36 37 47
2 5 35 36 37 49
2 5 35 36 40 47
2 5 35 36 40 49
2 5 35 36 47 49
2 5 35 37 40 47
2 5 35 37 40 49
2 5 35 37 47 49
2 5 35 40 47 49
2 5 36 37 40 47
2 5 36 37 40 49
2 5 36 37 47 49
2 5 36 40 47 49
2 5 37 40 47 49
2 7 10 23 34 35
2 7 10 23 34 36
2 7 10 23 34 37
2 7 10 23 34 40
2 7 10 23 34 47
2 7 10 23 34 49
2 7 10 23 35 36
2 7 10 23 35 37
2 7 10 23 35 40
2 7 10 23 35 47
2 7 10 23 35 49
2 7 10 23 36 37
2 7 10 23 36 40
2 7 10 23 36 47
2 7 10 23 36 49
2 7 10 23 37 40
2 7 10 23 37 47
2 7 10 23 37 49
2 7 10 23 40 47
2 7 10 23 40 49
2 7 10 23 47 49
2 7 10 34 35 36
2 7 10 34 35 37
2 7 10 34 35 40
2 7 10 34 35 47
2 7 10 34 35 49
2 7 10 34 36 37
2 7 10 34 36 40
2 7 10 34 36 47
2 7 10 34 36 49
2 7 10 34 37 40
2 7 10 34 37 47
2 7 10 34 37 49
2 7 10 34 40 47
2 7 10 34 40 49
2 7 10 34 47 49
2 7 10 35 36 37
2 7 10 35 36 40
2 7 10 35 36 47
2 7 10 35 36 49
2 7 10 35 37 40
2 7 10 35 37 47
2 7 10 35 37 49
2 7 10 35 40 47
2 7 10 35 40 49
2 7 10 35 47 49
2 7 10 36 37 40
2 7 10 36 37 47
2 7 10 36 37 49
2 7 10 36 40 47
2 7 10 36 40 49
2 7 10 36 47 49
2 7 10 37 40 47
2 7 10 37 40 49
2 7 10 37 47 49
2 7 10 40 47 49
2 7 23 34 35 36
2 7 23 34 35 37
2 7 23 34 35 40
2 7 23 34 35 47
2 7 23 34 35 49
2 7 23 34 36 37
2 7 23 34 36 40
2 7 23 34 36 47
2 7 23 34 36 49
2 7 23 34 37 40
2 7 23 34 37 47
2 7 23 34 37 49
2 7 23 34 40 47
2 7 23 34 40 49
2 7 23 34 47 49
2 7 23 35 36 37
2 7 23 35 36 40
2 7 23 35 36 47
2 7 23 35 36 49
2 7 23 35 37 40
2 7 23 35 37 47
2 7 23 35 37 49
2 7 23 35 40 47
2 7 23 35 40 49
2 7 23 35 47 49
2 7 23 36 37 40
2 7 23 36 37 47
2 7 23 36 37 49
2 7 23 36 40 47
2 7 23 36 40 49
2 7 23 36 47 49
2 7 23 37 40 47
2 7 23 37 40 49
2 7 23 37 47 49
2 7 23 40 47 49
2 7 34 35 36 37
2 7 34 35 36 40
2 7 34 35 36 47
2 7 34 35 36 49
2 7 34 35 37 40
2 7 34 35 37 47
2 7 34 35 37 49
2 7 34 35 40 47
2 7 34 35 40 49
2 7 34 35 47 49
2 7 34 36 37 40
2 7 34 36 37 47
2 7 34 36 37 49
2 7 34 36 40 47
2 7 34 36 40 49
2 7 34 36 47 49
2 7 34 37 40 47
2 7 34 37 40 49
2 7 34 37 47 49
2 7 34 40 47 49
2 7 35 36 37 40
2 7 35 36 37 47
2 7 35 36 37 49
2 7 35 36 40 47
2 7 35 36 40 49
2 7 35 36 47 49
2 7 35 37 40 47
2 7 35 37 40 49
2 7 35 37 47 49
2 7 35 40 47 49
2 7 36 37 40 47
2 7 36 37 40 49
2 7 36 37 47 49
2 7 36 40 47 49
2 7 37 40 47 49
2 10 23 34 35 36
2 10 23 34 35 37
2 10 23 34 35 40
2 10 23 34 35 47
2 10 23 34 35 49
2 10 23 34 36 37
2 10 23 34 36 40
2 10 23 34 36 47
2 10 23 34 36 49
2 10 23 34 37 40
2 10 23 34 37 47
2 10 23 34 37 49
2 10 23 34 40 47
2 10 23 34 40 49
2 10 23 34 47 49
2 10 23 35 36 37
2 10 23 35 36 40
2 10 23 35 36 47
2 10 23 35 36 49
2 10 23 35 37 40
2 10 23 35 37 47
2 10 23 35 37 49
2 10 23 35 40 47
2 10 23 35 40 49
2 10 23 35 47 49
2 10 23 36 37 40
2 10 23 36 37 47
2 10 23 36 37 49
2 10 23 36 40 47
2 10 23 36 40 49
2 10 23 36 47 49
2 10 23 37 40 47
2 10 23 37 40 49
2 10 23 37 47 49
2 10 23 40 47 49
2 10 34 35 36 37
2 10 34 35 36 40
2 10 34 35 36 47
2 10 34 35 36 49
2 10 34 35 37 40
2 10 34 35 37 47
2 10 34 35 37 49
2 10 34 35 40 47
2 10 34 35 40 49
2 10 34 35 47 49
2 10 34 36 37 40
2 10 34 36 37 47
2 10 34 36 37 49
2 10 34 36 40 47
2 10 34 36 40 49
2 10 34 36 47 49
2 10 34 37 40 47
2 10 34 37 40 49
2 10 34 37 47 49
2 10 34 40 47 49
2 10 35 36 37 40
2 10 35 36 37 47
2 10 35 36 37 49
2 10 35 36 40 47
2 10 35 36 40 49
2 10 35 36 47 49
2 10 35 37 40 47
2 10 35 37 40 49
2 10 35 37 47 49
2 10 35 40 47 49
2 10 36 37 40 47
2 10 36 37 40 49
2 10 36 37 47 49
2 10 36 40 47 49
2 10 37 40 47 49
2 23 34 35 36 37
2 23 34 35 36 40
2 23 34 35 36 47
2 23 34 35 36 49
2 23 34 35 37 40
2 23 34 35 37 47
2 23 34 35 37 49
2 23 34 35 40 47
2 23 34 35 40 49
2 23 34 35 47 49
2 23 34 36 37 40
2 23 34 36 37 47
2 23 34 36 37 49
2 23 34 36 40 47
2 23 34 36 40 49
2 23 34 36 47 49
2 23 34 37 40 47
2 23 34 37 40 49
2 23 34 37 47 49
2 23 34 40 47 49
2 23 35 36 37 40
2 23 35 36 37 47
2 23 35 36 37 49
2 23 35 36 40 47
2 23 35 36 40 49
2 23 35 36 47 49
2 23 35 37 40 47
2 23 35 37 40 49
2 23 35 37 47 49
2 23 35 40 47 49
2 23 36 37 40 47
2 23 36 37 40 49
2 23 36 37 47 49
2 23 36 40 47 49
2 23 37 40 47 49
2 34 35 36 37 40
2 34 35 36 37 47
2 34 35 36 37 49
2 34 35 36 40 47
2 34 35 36 40 49
2 34 35 36 47 49
2 34 35 37 40 47
2 34 35 37 40 49
2 34 35 37 47 49
2 34 35 40 47 49
2 34 36 37 40 47
2 34 36 37 40 49
2 34 36 37 47 49
2 34 36 40 47 49
2 34 37 40 47 49
2 35 36 37 40 47
2 35 36 37 40 49
2 35 36 37 47 49
2 35 36 40 47 49
2 35 37 40 47 49
2 36 37 40 47 49
5 7 10 23 34 35
5 7 10 23 34 36
5 7 10 23 34 37
5 7 10 23 34 40
5 7 10 23 34 47
5 7 10 23 34 49
5 7 10 23 35 36
5 7 10 23 35 37
5 7 10 23 35 40
5 7 10 23 35 47
5 7 10 23 35 49
5 7 10 23 36 37
5 7 10 23 36 40
5 7 10 23 36 47
5 7 10 23 36 49
5 7 10 23 37 40
5 7 10 23 37 47
5 7 10 23 37 49
5 7 10 23 40 47
5 7 10 23 40 49
5 7 10 23 47 49
5 7 10 34 35 36
5 7 10 34 35 37
5 7 10 34 35 40
5 7 10 34 35 47
5 7 10 34 35 49
5 7 10 34 36 37
5 7 10 34 36 40
5 7 10 34 36 47
5 7 10 34 36 49
5 7 10 34 37 40
5 7 10 34 37 47
5 7 10 34 37 49
5 7 10 34 40 47
5 7 10 34 40 49
5 7 10 34 47 49
5 7 10 35 36 37
5 7 10 35 36 40
5 7 10 35 36 47
5 7 10 35 36 49
5 7 10 35 37 40
5 7 10 35 37 47
5 7 10 35 37 49
5 7 10 35 40 47
5 7 10 35 40 49
5 7 10 35 47 49
5 7 10 36 37 40
5 7 10 36 37 47
5 7 10 36 37 49
5 7 10 36 40 47
5 7 10 36 40 49
5 7 10 36 47 49
5 7 10 37 40 47
5 7 10 37 40 49
5 7 10 37 47 49
5 7 10 40 47 49
5 7 23 34 35 36
5 7 23 34 35 37
5 7 23 34 35 40
5 7 23 34 35 47
5 7 23 34 35 49
5 7 23 34 36 37
5 7 23 34 36 40
5 7 23 34 36 47
5 7 23 34 36 49
5 7 23 34 37 40
5 7 23 34 37 47
5 7 23 34 37 49
5 7 23 34 40 47
5 7 23 34 40 49
5 7 23 34 47 49
5 7 23 35 36 37
5 7 23 35 36 40
5 7 23 35 36 47
5 7 23 35 36 49
5 7 23 35 37 40
5 7 23 35 37 47
5 7 23 35 37 49
5 7 23 35 40 47
5 7 23 35 40 49
5 7 23 35 47 49
5 7 23 36 37 40
5 7 23 36 37 47
5 7 23 36 37 49
5 7 23 36 40 47
5 7 23 36 40 49
5 7 23 36 47 49
5 7 23 37 40 47
5 7 23 37 40 49
5 7 23 37 47 49
5 7 23 40 47 49
5 7 34 35 36 37
5 7 34 35 36 40
5 7 34 35 36 47
5 7 34 35 36 49
5 7 34 35 37 40
5 7 34 35 37 47
5 7 34 35 37 49
5 7 34 35 40 47
5 7 34 35 40 49
5 7 34 35 47 49
5 7 34 36 37 40
5 7 34 36 37 47
5 7 34 36 37 49
5 7 34 36 40 47
5 7 34 36 40 49
5 7 34 36 47 49
5 7 34 37 40 47
5 7 34 37 40 49
5 7 34 37 47 49
5 7 34 40 47 49
5 7 35 36 37 40
5 7 35 36 37 47
5 7 35 36 37 49
5 7 35 36 40 47
5 7 35 36 40 49
5 7 35 36 47 49
5 7 35 37 40 47
5 7 35 37 40 49
5 7 35 37 47 49
5 7 35 40 47 49
5 7 36 37 40 47
5 7 36 37 40 49
5 7 36 37 47 49
5 7 36 40 47 49
5 7 37 40 47 49
5 10 23 34 35 36
5 10 23 34 35 37
5 10 23 34 35 40
5 10 23 34 35 47
5 10 23 34 35 49
5 10 23 34 36 37
5 10 23 34 36 40
5 10 23 34 36 47
5 10 23 34 36 49
5 10 23 34 37 40
5 10 23 34 37 47
5 10 23 34 37 49
5 10 23 34 40 47
5 10 23 34 40 49
5 10 23 34 47 49
5 10 23 35 36 37
5 10 23 35 36 40
5 10 23 35 36 47
5 10 23 35 36 49
5 10 23 35 37 40
5 10 23 35 37 47
5 10 23 35 37 49
5 10 23 35 40 47
5 10 23 35 40 49
5 10 23 35 47 49
5 10 23 36 37 40
5 10 23 36 37 47
5 10 23 36 37 49
5 10 23 36 40 47
5 10 23 36 40 49
5 10 23 36 47 49
5 10 23 37 40 47
5 10 23 37 40 49
5 10 23 37 47 49
5 10 23 40 47 49
5 10 34 35 36 37
5 10 34 35 36 40
5 10 34 35 36 47
5 10 34 35 36 49
5 10 34 35 37 40
5 10 34 35 37 47
5 10 34 35 37 49
5 10 34 35 40 47
5 10 34 35 40 49
5 10 34 35 47 49
5 10 34 36 37 40
5 10 34 36 37 47
5 10 34 36 37 49
5 10 34 36 40 47
5 10 34 36 40 49
5 10 34 36 47 49
5 10 34 37 40 47
5 10 34 37 40 49
5 10 34 37 47 49
5 10 34 40 47 49
5 10 35 36 37 40
5 10 35 36 37 47
5 10 35 36 37 49
5 10 35 36 40 47
5 10 35 36 40 49
5 10 35 36 47 49
5 10 35 37 40 47
5 10 35 37 40 49
5 10 35 37 47 49
5 10 35 40 47 49
5 10 36 37 40 47
5 10 36 37 40 49
5 10 36 37 47 49
5 10 36 40 47 49
5 10 37 40 47 49
5 23 34 35 36 37
5 23 34 35 36 40
5 23 34 35 36 47
5 23 34 35 36 49
5 23 34 35 37 40
5 23 34 35 37 47
5 23 34 35 37 49
5 23 34 35 40 47
5 23 34 35 40 49
5 23 34 35 47 49
5 23 34 36 37 40
5 23 34 36 37 47
5 23 34 36 37 49
5 23 34 36 40 47
5 23 34 36 40 49
5 23 34 36 47 49
5 23 34 37 40 47
5 23 34 37 40 49
5 23 34 37 47 49
5 23 34 40 47 49
5 23 35 36 37 40
5 23 35 36 37 47
5 23 35 36 37 49
5 23 35 36 40 47
5 23 35 36 40 49
5 23 35 36 47 49
5 23 35 37 40 47
5 23 35 37 40 49
5 23 35 37 47 49
5 23 35 40 47 49
5 23 36 37 40 47
5 23 36 37 40 49
5 23 36 37 47 49
5 23 36 40 47 49
5 23 37 40 47 49
5 34 35 36 37 40
5 34 35 36 37 47
5 34 35 36 37 49
5 34 35 36 40 47
5 34 35 36 40 49
5 34 35 36 47 49
5 34 35 37 40 47
5 34 35 37 40 49
5 34 35 37 47 49
5 34 35 40 47 49
5 34 36 37 40 47
5 34 36 37 40 49
5 34 36 37 47 49
5 34 36 40 47 49
5 34 37 40 47 49
5 35 36 37 40 47
5 35 36 37 40 49
5 35 36 37 47 49
5 35 36 40 47 49
5 35 37 40 47 49
5 36 37 40 47 49
7 10 23 34 35 36
7 10 23 34 35 37
7 10 23 34 35 40
7 10 23 34 35 47
7 10 23 34 35 49
7 10 23 34 36 37
7 10 23 34 36 40
7 10 23 34 36 47
7 10 23 34 36 49
7 10 23 34 37 40
7 10 23 34 37 47
7 10 23 34 37 49
7 10 23 34 40 47
7 10 23 34 40 49
7 10 23 34 47 49
7 10 23 35 36 37
7 10 23 35 36 40
7 10 23 35 36 47
7 10 23 35 36 49
7 10 23 35 37 40
7 10 23 35 37 47
7 10 23 35 37 49
7 10 23 35 40 47
7 10 23 35 40 49
7 10 23 35 47 49
7 10 23 36 37 40
7 10 23 36 37 47
7 10 23 36 37 49
7 10 23 36 40 47
7 10 23 36 40 49
7 10 23 36 47 49
7 10 23 37 40 47
7 10 23 37 40 49
7 10 23 37 47 49
7 10 23 40 47 49
7 10 34 35 36 37
7 10 34 35 36 40
7 10 34 35 36 47
7 10 34 35 36 49
7 10 34 35 37 40
7 10 34 35 37 47
7 10 34 35 37 49
7 10 34 35 40 47
7 10 34 35 40 49
7 10 34 35 47 49
7 10 34 36 37 40
7 10 34 36 37 47
7 10 34 36 37 49
7 10 34 36 40 47
7 10 34 36 40 49
7 10 34 36 47 49
7 10 34 37 40 47
7 10 34 37 40 49
7 10 34 37 47 49
7 10 34 40 47 49
7 10 35 36 37 40
7 10 35 36 37 47
7 10 35 36 37 49
7 10 35 36 40 47
7 10 35 36 40 49
7 10 35 36 47 49
7 10 35 37 40 47
7 10 35 37 40 49
7 10 35 37 47 49
7 10 35 40 47 49
7 10 36 37 40 47
7 10 36 37 40 49
7 10 36 37 47 49
7 10 36 40 47 49
7 10 37 40 47 49
7 23 34 35 36 37
7 23 34 35 36 40
7 23 34 35 36 47
7 23 34 35 36 49
7 23 34 35 37 40
7 23 34 35 37 47
7 23 34 35 37 49
7 23 34 35 40 47
7 23 34 35 40 49
7 23 34 35 47 49
7 23 34 36 37 40
7 23 34 36 37 47
7 23 34 36 37 49
7 23 34 36 40 47
7 23 34 36 40 49
7 23 34 36 47 49
7 23 34 37 40 47
7 23 34 37 40 49
7 23 34 37 47 49
7 23 34 40 47 49
7 23 35 36 37 40
7 23 35 36 37 47
7 23 35 36 37 49
7 23 35 36 40 47
7 23 35 36 40 49
7 23 35 36 47 49
7 23 35 37 40 47
7 23 35 37 40 49
7 23 35 37 47 49
7 23 35 40 47 49
7 23 36 37 40 47
7 23 36 37 40 49
7 23 36 37 47 49
7 23 36 40 47 49
7 23 37 40 47 49
7 34 35 36 37 40
7 34 35 36 37 47
7 34 35 36 37 49
7 34 35 36 40 47
7 34 35 36 40 49
7 34 35 36 47 49
7 34 35 37 40 47
7 34 35 37 40 49
7 34 35 37 47 49
7 34 35 40 47 49
7 34 36 37 40 47
7 34 36 37 40 49
7 34 36 37 47 49
7 34 36 40 47 49
7 34 37 40 47 49
7 35 36 37 40 47
7 35 36 37 40 49
7 35 36 37 47 49
7 35 36 40 47 49
7 35 37 40 47 49
7 36 37 40 47 49
10 23 34 35 36 37
10 23 34 35 36 40
10 23 34 35 36 47
10 23 34 35 36 49
10 23 34 35 37 40
10 23 34 35 37 47
10 23 34 35 37 49
10 23 34 35 40 47
10 23 34 35 40 49
10 23 34 35 47 49
10 23 34 36 37 40
10 23 34 36 37 47
10 23 34 36 37 49
10 23 34 36 40 47
10 23 34 36 40 49
10 23 34 36 47 49
10 23 34 37 40 47
10 23 34 37 40 49
10 23 34 37 47 49
10 23 34 40 47 49
10 23 35 36 37 40
10 23 35 36 37 47
10 23 35 36 37 49
10 23 35 36 40 47
10 23 35 36 40 49
10 23 35 36 47 49
10 23 35 37 40 47
10 23 35 37 40 49
10 23 35 37 47 49
10 23 35 40 47 49
10 23 36 37 40 47
10 23 36 37 40 49
10 23 36 37 47 49
10 23 36 40 47 49
10 23 37 40 47 49
10 34 35 36 37 40
10 34 35 36 37 47
10 34 35 36 37 49
10 34 35 36 40 47
10 34 35 36 40 49
10 34 35 36 47 49
10 34 35 37 40 47
10 34 35 37 40 49
10 34 35 37 47 49
10 34 35 40 47 49
10 34 36 37 40 47
10 34 36 37 40 49
10 34 36 37 47 49
10 34 36 40 47 49
10 34 37 40 47 49
10 35 36 37 40 47
10 35 36 37 40 49
10 35 36 37 47 49
10 35 36 40 47 49
10 35 37 40 47 49
10 36 37 40 47 49
23 34 35 36 37 40
23 34 35 36 37 47
23 34 35 36 37 49
23 34 35 36 40 47
23 34 35 36 40 49
23 34 35 36 47 49
23 34 35 37 40 47
23 34 35 37 40 49
23 34 35 37 47 49
23 34 35 40 47 49
23 34 36 37 40 47
23 34 36 37 40 49
23 34 36 37 47 49
23 34 36 40 47 49
23 34 37 40 47 49
23 35 36 37 40 47
23 35 36 37 40 49
23 35 36 37 47 49
23 35 36 40 47 49
23 35 37 40 47 49
23 36 37 40 47 49
34 35 36 37 40 47
34 35 36 37 40 49
34 35 36 37 47 49
34 35 36 40 47 49
34 35 37 40 47 49
34 36 37 40 47 49
35 36 37 40 47 49
