10
100
92 88
27 21
100 97
83 4
58 98
78 84
37 18
74 43
41 78
45 38
89 96
42 31
31 67
30 92
66 76
57 75
49 28
13 62
84 34
33 9
61 89
46 8
54 36
9 86
99 29
17 82
80 81
34 33
52 64
3 99
56 51
75 23
44 61
39 54
77 32
50 2
97 66
98 85
65 14
24 35
93 26
68 11
4 91
11 27
63 95
7 1
21 6
87 57
36 56
55 42
19 48
62 74
79 41
43 59
81 47
5 49
28 3
85 19
47 83
40 70
91 20
86 5
6 73
70 100
16 17
76 46
59 77
32 30
88 93
10 94
22 23
73 68
20 15
96 90
48 45
95 52
15 13
82 39
72 63
12 71
60 16
29 12
53 24
1 37
38 87
25 69
94 65
67 79
26 40
71 58
2 10
23 53
90 7
35 44
14 55
51 50
8 80
69 25
18 60
64 72
100
50 52
3 48
48 60
17 15
30 45
34 84
97 92
71 95
33 61
85 42
28 67
40 41
55 34
31 59
20 32
98 33
16 46
29 100
14 55
87 47
9 66
76 93
11 97
79 56
86 53
37 30
69 39
81 75
93 62
27 74
67 78
38 65
78 6
53 37
45 20
36 49
80 35
24 3
96 36
61 73
57 54
56 99
74 98
1 51
2 11
60 26
92 16
88 91
51 25
18 4
41 24
5 85
26 14
7 5
72 58
23 28
100 72
25 63
8 40
47 69
83 27
6 7
95 89
70 22
64 17
65 94
52 43
49 81
32 13
91 80
54 88
4 70
13 77
84 19
10 44
58 29
75 96
22 38
42 8
21 31
66 68
89 82
94 71
90 2
62 1
82 83
44 79
77 90
59 9
15 76
12 10
39 86
63 12
99 18
73 57
43 23
19 21
68 87
35 50
46 64
100
87 55
23 32
55 1
37 93
13 35
94 10
18 99
34 35
74 76
49 90
16 13
72 33
84 71
96 88
41 84
88 14
68 83
69 23
36 47
90 16
43 12
54 81
29 4
71 38
22 77
66 41
44 95
83 82
32 87
73 48
86 96
12 17
64 28
50 62
33 19
97 11
39 29
20 68
85 42
25 61
77 78
61 75
79 73
52 66
59 44
30 46
67 3
46 9
27 25
75 92
45 60
14 89
19 67
78 72
62 50
76 58
92 80
5 64
38 21
3 97
6 31
56 51
60 45
21 57
82 8
1 2
15 39
7 53
4 63
65 22
81 69
99 91
40 86
63 36
28 37
95 94
51 98
26 15
98 59
89 6
11 54
17 43
58 56
53 52
80 18
100 65
70 7
57 79
9 26
2 70
93 20
24 74
10 27
48 100
47 30
35 49
91 5
31 40
42 24
8 85
100
86 34
47 33
25 21
82 45
35 58
45 24
12 3
55 59
80 89
9 73
62 10
1 37
37 76
10 38
99 23
67 30
39 6
13 20
68 4
48 11
72 85
65 19
88 1
42 100
36 65
76 5
59 54
87 31
69 66
16 26
14 55
50 22
53 56
83 14
27 83
17 70
90 82
40 64
78 13
71 41
54 44
11 8
28 72
8 84
49 96
34 80
4 42
96 15
95 9
3 99
31 79
66 75
18 94
85 78
56 74
63 92
100 2
43 47
75 52
73 35
41 63
57 29
84 7
93 98
77 81
22 43
15 51
70 50
5 86
38 46
97 49
58 87
44 25
52 62
79 93
33 53
61 69
24 16
2 77
51 71
92 36
64 32
26 48
74 90
81 67
21 68
20 91
7 18
6 12
98 95
91 57
19 27
94 40
46 88
30 60
89 39
29 17
23 28
60 61
32 97
100
26 27
23 29
58 14
97 64
67 25
40 6
65 78
52 22
83 74
19 12
29 28
64 85
33 4
61 18
89 35
82 43
93 36
3 46
90 82
98 44
49 68
63 75
28 8
13 95
54 66
50 98
75 49
45 76
68 55
80 9
69 81
72 65
62 13
59 94
14 5
11 19
99 88
91 84
12 86
48 62
39 79
9 56
56 32
76 50
55 24
5 93
30 53
96 42
84 97
70 80
8 41
37 96
44 11
25 20
53 40
6 54
32 67
16 90
4 51
79 63
74 69
86 21
73 70
88 71
2 33
77 16
22 10
47 100
21 92
18 15
51 31
60 61
66 38
92 87
41 48
87 37
36 23
43 30
42 83
100 99
71 7
24 47
1 91
20 34
27 73
15 2
81 17
7 89
46 39
38 72
34 58
10 3
95 57
17 77
78 60
57 59
94 26
85 45
31 1
35 52
100
29 95
90 19
85 87
86 18
11 97
77 67
78 79
33 70
96 71
41 62
36 32
44 13
4 60
5 2
84 58
21 25
51 90
93 28
91 92
57 72
80 3
45 11
28 42
88 22
19 21
48 35
32 31
15 17
38 68
95 41
12 26
69 38
7 94
99 1
22 52
14 73
30 6
23 100
87 45
64 55
76 34
97 69
25 27
16 15
42 51
67 43
8 80
63 8
55 81
73 46
60 96
83 47
58 49
47 50
65 83
27 91
53 89
1 40
89 10
82 53
26 23
66 37
2 48
46 61
13 77
9 93
74 78
31 30
92 54
98 65
40 16
70 98
49 99
39 82
35 14
100 9
43 74
6 64
79 59
52 5
10 88
62 36
50 24
20 39
94 4
81 76
24 57
71 20
59 63
75 33
3 12
34 7
17 56
18 86
37 75
56 66
54 84
61 85
72 44
68 29
100
95 81
49 60
76 90
17 37
65 47
7 58
66 30
23 19
21 13
3 62
4 43
43 22
14 99
40 12
16 17
93 18
13 6
25 69
39 94
29 8
6 55
60 76
38 87
30 91
19 54
33 34
74 83
57 67
20 98
2 53
88 70
34 86
98 36
77 88
56 85
8 28
11 64
10 23
44 45
63 15
51 65
96 77
79 71
41 48
89 21
78 100
50 35
58 50
53 96
91 82
83 5
94 4
36 63
22 78
18 89
35 38
90 56
99 74
9 59
28 31
32 39
80 1
85 68
12 95
42 29
54 25
67 16
92 42
24 84
59 9
82 26
52 49
48 7
87 20
5 44
61 14
27 93
45 32
68 2
73 66
86 57
15 46
64 34
97 92
71 80
46 27
81 97
1 75
75 41
84 40
70 24
62 3
37 79
100 11
26 73
69 51
47 10
55 72
31 61
72 52
100
89 94
11 95
97 41
71 89
56 47
28 22
17 3
64 55
79 16
29 26
1 79
88 77
23 50
81 85
53 54
49 65
65 5
4 63
83 86
52 37
96 62
6 42
21 20
80 59
85 100
34 46
73 74
60 48
47 93
19 61
30 31
36 2
33 64
59 36
31 27
40 15
22 21
76 40
27 7
2 14
62 76
94 30
3 60
14 83
9 97
39 82
55 81
26 84
7 32
91 8
99 43
66 92
87 17
82 23
69 75
98 19
8 51
51 54
12 91
86 11
18 52
77 66
54 35
90 80
72 70
67 38
24 25
70 73
32 58
38 98
37 34
84 68
44 29
35 72
95 56
10 4
50 71
93 57
25 45
92 33
20 25
5 9
41 13
63 88
45 99
48 10
78 18
15 67
16 87
57 28
43 69
46 90
61 96
58 44
100 78
42 39
75 1
74 12
68 6
13 49
100
93 94
47 53
40 86
25 67
50 99
14 13
1 40
42 80
44 47
72 64
88 84
87 23
92 4
95 72
71 55
68 1
43 59
22 24
31 61
53 15
66 34
28 32
48 50
64 29
60 42
29 51
17 90
34 6
67 85
79 18
24 30
36 31
57 2
46 37
54 10
11 57
33 27
4 54
26 20
91 38
37 100
35 58
86 77
77 69
89 46
82 91
38 45
7 28
80 63
76 5
96 70
18 14
98 60
59 78
10 26
99 22
45 9
23 76
69 73
63 12
84 7
55 96
8 56
70 97
74 94
32 87
49 33
15 44
73 88
90 3
61 16
21 39
13 92
41 81
58 83
20 11
94 19
100 17
39 65
2 8
27 75
78 98
12 68
19 21
16 41
51 74
81 95
97 43
52 49
9 89
56 52
3 79
5 36
62 25
75 71
65 66
85 35
30 82
83 48
6 62
100
41 34
79 71
82 59
42 44
16 28
78 94
83 81
48 62
2 69
10 11
14 70
32 8
59 39
4 5
62 72
43 16
96 91
69 48
24 85
25 90
67 32
21 82
27 98
15 42
93 38
3 23
35 65
56 49
97 58
52 57
11 54
18 41
57 78
94 43
9 63
37 87
40 7
33 96
19 33
6 2
28 9
8 100
65 10
30 79
91 95
98 74
36 47
71 15
100 76
76 64
58 66
63 14
34 77
53 99
95 84
74 35
39 53
7 29
22 56
70 25
86 1
92 22
90 88
51 68
38 60
88 93
20 46
46 13
99 37
50 83
89 24
87 18
75 45
13 75
45 30
85 86
61 80
5 20
64 3
84 67
80 89
73 97
55 56
72 27
26 27
60 40
68 92
29 36
44 17
49 19
77 51
81 6
23 52
66 50
47 21
12 13
54 4
31 73
17 31
1 61

