32 11 10 3 9 7 15 7 12 15 4 8 9 9 11 3 1 0 6 8 4 14 4 13 1 12 12 13 2 0 9 3 11
31 3 3 2 5 4 7 12 0 5 10 12 5 0 4 13 7 9 9 2 2 6 10 9 0 7 1 8 11 12 11 12
5 0 1 2 2 1
17 3 5 4 3 7 5 6 1 4 8 2 1 7 2 0 0 5
15 5 0 3 3 0 0 5 6 6 4 4 3 1 1 5
34 7 3 15 1 8 6 1 2 3 9 9 12 9 10 2 11 16 0 15 15 1 9 16 8 11 13 12 16 5 7 8 13 14 10
40 8 12 1 1 10 5 0 10 1 15 7 17 17 6 8 8 10 14 8 0 13 14 2 4 6 19 9 0 10 2 5 15 11 7 17 1 9 13 7 10
10 4 3 3 0 3 2 1 2 2 2
5 1 0 1 0 1
33 16 10 11 2 12 2 13 10 1 2 11 7 11 11 1 4 9 16 2 5 1 14 0 10 9 10 9 15 13 3 13 12 14
12 4 4 2 4 0 5 5 0 5 4 5 4
2 0 0
17 4 1 1 4 6 1 6 3 6 7 1 0 6 7 3 6 0
50 2 15 7 5 15 9 18 15 15 19 11 11 3 9 17 1 7 4 17 17 5 18 16 21 19 14 5 1 23 17 2 1 8 9 6 23 20 24 14 10 19 1 22 22 11 14 0 18 19 18
23 7 1 10 8 6 7 9 1 0 5 9 5 1 0 6 9 0 11 6 8 10 6 6
41 0 8 6 11 2 19 18 2 10 7 10 13 14 12 10 9 3 12 10 20 14 1 14 11 11 7 7 16 13 1 18 13 10 4 6 12 4 3 16 15 11
6 1 2 2 1 2 2
40 12 13 8 3 18 0 6 9 7 17 3 4 17 6 3 9 13 13 10 1 11 10 3 5 8 10 12 17 17 12 3 9 2 11 9 16 8 11 5 15
41 6 7 18 0 4 17 1 13 20 6 19 18 3 11 5 5 4 10 2 0 5 5 0 6 17 0 4 5 5 6 11 12 14 9 12 18 7 13 12 8 19
3 0 0 0
19 3 4 4 4 1 0 7 3 8 4 5 3 1 2 3 3 5 6 6
2 0 0
9 4 1 2 1 1 0 2 2 3
43 1 2 14 0 16 13 17 15 8 8 9 0 6 18 8 6 11 1 7 0 21 16 1 20 8 14 5 2 17 2 10 18 4 20 15 21 8 10 11 12 14 16 13
31 10 7 6 13 8 3 9 9 9 12 8 14 5 0 7 11 5 14 14 4 5 14 8 6 3 14 9 1 7 9 1
15 7 3 1 3 5 5 4 1 4 3 4 6 2 5 6
1 0
4 0 0 1 1
37 2 7 11 14 17 5 7 7 6 17 14 10 15 10 6 6 10 2 12 11 3 15 12 15 5 16 0 14 0 17 8 10 6 1 13 5 13
30 14 12 11 14 6 4 5 4 5 10 6 14 3 5 5 9 5 0 13 4 8 5 5 0 11 11 8 5 0 7
32 12 7 11 9 5 10 2 4 11 5 1 5 10 14 7 7 10 13 8 3 12 10 0 2 15 2 9 15 12 15 0 8
25 1 10 12 6 8 7 0 10 3 10 6 4 8 5 10 4 5 2 0 0 4 2 8 1 9
35 11 0 5 8 5 7 4 12 3 3 4 7 9 11 2 14 10 2 2 9 9 8 6 1 7 11 9 0 10 16 10 10 16 4 8
12 3 0 1 0 2 2 1 2 2 0 4 3
25 6 5 11 3 4 1 1 9 6 7 2 8 5 11 6 8 4 11 3 4 12 9 9 2 2
10 1 2 4 4 4 2 2 4 3 4
42 16 19 13 4 8 12 15 14 18 14 0 20 18 15 0 7 14 4 16 9 7 20 17 6 11 18 16 5 20 11 4 15 9 16 18 16 7 12 8 4 4 7
7 1 2 3 1 2 0 0
23 10 3 0 0 10 11 7 5 11 11 1 1 8 1 10 6 10 4 7 3 0 2 7
5 1 0 0 1 2
49 17 21 5 5 13 22 15 3 14 21 8 13 16 4 1 5 16 9 13 12 22 19 5 24 10 0 2 19 6 20 4 23 17 10 7 8 10 22 15 0 19 23 13 13 5 17 21 21 2
39 16 15 13 17 18 4 1 17 15 6 19 9 8 17 12 9 16 2 11 18 0 0 6 4 15 7 19 6 18 2 17 10 18 5 8 11 10 9 9
16 1 0 1 6 2 1 0 2 0 5 0 1 6 0 2 7
20 4 8 4 9 4 8 2 5 2 8 1 2 4 5 7 1 4 5 3 3
38 15 12 14 17 10 18 13 0 9 0 16 12 15 5 6 6 10 14 11 6 2 16 8 15 6 13 4 4 13 10 10 9 3 5 8 13 12 10
50 22 2 6 0 0 19 8 2 15 1 3 0 7 15 22 8 22 20 4 14 8 3 0 12 7 8 8 18 22 3 18 20 6 0 21 7 20 5 10 11 7 15 13 15 6 11 23 3 7 3
38 14 13 2 18 1 6 18 9 4 0 2 12 0 1 6 5 6 9 2 16 15 1 7 8 9 14 12 11 4 1 14 8 4 16 7 13 12 15
31 12 4 9 2 6 7 11 13 8 8 5 8 11 0 0 6 11 2 1 14 5 10 12 8 9 9 5 2 1 4 3
3 0 0 1
45 5 4 2 19 9 22 2 4 9 5 12 14 8 19 9 16 15 6 9 9 19 19 14 19 5 12 2 1 7 13 0 13 17 2 13 3 5 19 8 15 2 1 6 14 1
5 0 2 2 1 1
48 12 18 0 13 23 5 0 16 22 21 23 23 2 14 12 14 16 21 19 4 23 6 14 17 15 22 11 15 9 23 8 5 17 17 18 17 22 2 9 4 23 16 12 2 15 9 0 15
46 8 20 10 18 3 4 6 20 1 9 17 21 19 9 21 3 2 4 3 19 8 17 18 3 18 8 21 9 9 18 17 15 12 2 7 15 6 14 9 5 20 4 0 13 13 21
48 22 17 18 17 16 7 11 16 9 16 7 4 4 14 21 13 9 5 23 14 14 19 20 10 0 19 17 7 8 4 8 6 22 10 7 22 2 19 15 12 19 6 0 23 5 22 20 14
44 2 3 13 7 3 11 1 18 8 14 4 11 11 5 19 9 8 0 2 3 13 4 20 16 10 4 17 0 3 21 4 15 2 18 10 15 7 21 11 4 14 16 4 13
7 0 2 2 3 0 0 2
24 9 1 0 1 10 2 10 2 8 11 10 0 0 0 8 7 1 5 2 7 3 3 4 8
5 1 0 2 2 1
5 0 2 0 2 0
12 3 5 2 3 0 3 5 0 5 0 4 0
8 2 1 0 2 2 2 3 3
44 18 14 12 5 12 21 1 1 1 20 3 11 11 19 14 6 10 6 5 20 12 10 10 16 0 21 6 8 4 7 16 0 9 7 15 10 16 16 21 18 3 3 7 15
18 7 3 8 4 3 3 6 8 7 1 7 3 7 0 2 5 5 1
24 5 9 5 2 10 9 4 9 0 4 3 3 10 9 5 8 2 2 4 4 3 9 2 3
38 3 8 12 2 8 2 15 15 6 6 11 5 4 4 17 16 5 16 16 16 9 0 17 15 1 15 11 0 8 6 15 11 15 8 3 12 0 18
10 2 2 4 4 3 2 1 0 4 1
33 13 3 3 7 11 11 14 9 7 12 10 9 15 7 5 14 0 2 2 2 5 13 8 13 12 9 14 11 13 15 1 9 2
1 0
33 14 13 5 5 9 16 14 7 5 3 3 6 4 4 8 10 2 15 7 13 7 4 7 4 2 8 12 4 12 11 2 8 8
4 0 0 1 0
6 2 0 1 2 2 0
5 1 2 0 1 1
48 7 18 8 1 13 9 16 0 12 20 22 21 12 4 14 16 9 10 18 23 17 4 1 7 2 5 0 21 14 6 6 5 9 14 14 22 0 7 6 12 4 5 18 16 17 16 16 11
48 11 18 3 23 20 19 1 1 20 22 23 10 13 5 19 3 3 2 12 10 8 8 22 13 2 15 15 18 16 2 4 11 21 16 10 1 12 20 2 16 18 2 3 8 15 6 19 18
28 11 5 1 4 0 12 12 9 4 10 1 6 13 10 3 3 8 2 9 6 6 12 3 12 5 11 13 9
25 6 0 10 9 5 8 12 2 10 4 1 5 2 7 2 7 12 0 7 3 1 3 8 6 7
40 1 5 3 5 8 3 13 11 5 7 18 10 15 19 7 10 16 3 1 11 1 13 8 0 15 2 11 6 6 14 12 7 16 11 8 0 15 18 8 16
34 7 4 3 5 10 12 8 16 6 2 12 13 2 3 14 14 0 5 0 9 0 0 16 7 14 6 14 9 7 5 16 2 13 6
30 14 9 9 1 4 5 4 8 4 9 3 0 5 14 14 2 13 2 5 14 10 14 10 5 7 0 3 11 12 4
34 15 5 14 9 4 2 1 0 13 14 15 1 15 4 10 7 15 3 4 16 14 10 14 4 7 9 15 10 1 14 8 0 7 9
11 4 4 0 3 0 2 3 3 3 0 0
16 4 0 7 5 0 1 2 4 5 3 0 7 0 0 5 2
20 8 2 6 9 7 7 7 6 5 7 2 7 0 0 7 4 3 8 4 0
30 1 0 9 4 8 0 13 8 8 14 6 0 6 6 8 4 8 6 6 5 13 0 1 4 2 11 3 7 1 9
45 2 2 19 3 10 20 9 11 6 4 13 2 22 20 22 4 6 21 13 20 15 2 17 9 12 21 15 1 3 10 11 6 12 8 12 4 9 2 18 19 7 9 22 7 7
12 4 1 2 0 2 4 2 3 3 0 0 2
13 5 3 3 6 2 5 1 5 1 5 4 6 1
14 1 4 5 6 2 5 5 4 2 1 3 4 1 6
8 2 2 3 3 3 3 0 0
9 3 1 4 1 0 0 3 2 2
5 1 0 0 0 2
16 2 5 0 2 6 2 5 1 5 0 4 5 0 5 0 6
6 1 1 0 2 2 0
14 0 1 4 2 4 3 0 2 5 0 1 5 6 6
37 16 2 0 6 14 6 7 13 15 8 14 18 18 9 14 14 3 15 5 16 5 3 1 9 11 3 7 5 17 15 9 15 17 17 3 2 5
13 6 5 1 4 5 5 2 2 5 4 4 4 3
3 0 1 1
14 0 3 4 2 2 3 0 1 4 1 4 3 1 0
36 1 8 5 15 16 1 16 10 5 3 0 4 16 10 2 1 0 16 16 16 15 11 11 1 14 11 5 6 6 14 0 16 12 6 13 10
38 12 17 8 15 10 5 7 5 1 4 17 3 3 17 9 16 9 5 1 10 5 13 12 14 18 12 17 18 6 17 10 7 4 7 3 3 12 0
