1
10
42 3174 7111 3609 8334 2764 1776 9463 186 7190 368 1130 3414 7360 1757 3377 6597 391 3178 4001 4118 9469 3157 3965 4811 8552 7068 3637 8150 2784 4057 291 5958 1167 251 643 282 8378 105 467 5567 6824 1596
33 4183 3352 5061 7132 94 8238 1132 4212 4058 4288 4528 5220 9191 7947 5208 7340 730 9264 3982 3039 6782 4232 3682 7063 2610 138 3881 4528 6962 1828 9860 1144 5180
20 4627 1625 9509 5758 2188 3566 6398 6715 5137 5588 1013 344 9280 1743 9607 9613 4781 2740 197 4814
4 2806 4952 34 3685
15 1862 3545 5760 3393 8464 387 1369 7973 6144 3557 7890 2541 6623 3027 4481
36 9722 112 5730 5681 9724 6862 8420 9920 1676 4574 9077 2979 959 2762 1243 9172 2658 7002 8916 1121 3740 285 5445 9884 3841 9687 8776 6815 9065 9608 4450 8786 9719 179 4466 5795
41 9238 2066 5068 3811 7495 4398 1121 256 5640 6645 9265 8993 5560 385 2733 5844 2182 8968 6036 1868 4095 2851 7284 3703 3652 6069 9773 183 6887 1919 3575 6124 3985 8642 6286 1479 3039 7406 8086 5030 4050
50 374 5962 4086 9458 1805 2619 8425 4193 838 8872 7043 8121 8926 7046 4190 5050 7228 7428 6969 802 3551 7305 5795 9836 5135 5185 3593 9572 214 3995 3273 6940 9956 3710 6397 8112 6329 1174 2304 7166 45 5698 1639 8970 2744 2180 4019 9971 9607 7339
25 3157 4643 9271 9344 6129 4456 9288 2052 1021 3282 5324 7960 9589 9034 709 7701 1714 1882 4 5231 1926 5702 6869 7247 4797
48 1265 1119 5006 4956 8243 8162 5950 3866 3857 2079 8321 3145 4130 5693 2778 5806 3653 2367 1191 713 67 2904 2594 6422 8134 871 8475 1355 8117 3271 6754 5733 742 1760 688 5336 6273 6638 9201 130 5068 7521 9626 5549 9566 2403 1354 9570
