1
50
40 3645 5069 4127 5887 9527 115 3530 6832 8393 601 8619 7645 7589 7725 6508 4953 5929 3871 2232 6628 7508 8213 7036 566 4515 4357 8960 4515 7947 9658 2254 1591 4726 2732 7477 605 9199 1006 7436 7591
8 2406 1588 5546 130 8095 499 2410 8317
32 5390 5825 7294 2425 2742 8160 3134 1701 9026 1080 7711 1279 9022 8788 4010 6498 9392 3208 3855 3179 7151 1812 1937 8738 3710 8418 3184 560 828 1500 5993 2569
26 3286 4993 6417 7797 4478 4470 6822 1909 2180 4452 930 967 4813 3779 6711 4373 7633 9889 1523 5797 1825 6612 5858 6595 6147 6417
24 7646 2409 6342 7674 2046 1334 442 6194 2164 4911 9367 4072 3442 3818 5002 761 8630 5132 7471 3002 2765 3711 876 4913
38 3839 770 8482 9985 3538 2255 3983 2298 8596 1656 695 6281 2097 6888 8444 3360 6254 8868 6801 6423 3869 7561 5052 5352 5031 4406 8116 8742 5281 9380 629 9120 6501 9110 5456 6390 7716 9438
37 6311 1093 9381 8943 9542 2620 7387 2901 5225 6254 9701 1647 6474 7262 3051 1825 8644 7456 6293 7385 9088 2024 4365 4559 8525 9826 15 4914 7541 9452 9953 203 6897 5685 9146 6438 8305
34 5690 9881 9137 5390 1528 1962 9003 4578 138 7647 8385 6430 1383 7472 4806 5748 8383 3330 1925 8397 4595 9466 7848 4547 6020 1096 232 5165 7533 4888 8048 3222 4768 3536
14 6295 5497 3966 7224 1987 7964 1960 4768 9347 9432 9573 5094 7814 2902
20 2562 3849 2835 6761 8395 8855 7857 8626 371 1741 3513 8419 4963 8281 8306 6278 927 155 243 4503
41 4559 6462 6908 3905 5893 6481 5350 58 5734 8719 8971 9582 1554 5732 4329 6760 3588 2954 3482 5328 2819 8252 6642 7451 6558 2919 8377 6712 9514 2879 5204 4072 5693 2111 4328 1585 4943 9677 7995 7029 8395
17 6610 6300 9048 938 9411 2635 244 2893 4315 3062 1144 956 6864 4053 227 5240 764
42 4471 5967 6515 163 4430 842 8099 9372 518 2445 2752 5264 5762 5714 7916 4809 6651 7326 3796 3246 6570 4462 2659 7714 1769 9522 1766 8347 1114 8882 4438 1936 1200 7304 8450 5629 8145 2900 1353 5014 5345 4104
30 7458 9817 4545 8618 2820 1870 8765 2417 8440 3226 5076 2505 4995 949 622 3341 8414 9503 4131 349 7055 1434 8798 2683 5931 8050 387 944 3394 843
25 7203 7011 8469 5820 6182 6691 4585 8599 5130 4162 26 3986 5508 7326 4607 8849 5740 462 9331 2440 7516 764 7590 6550 6694
39 3289 3990 5384 483 7914 2586 7493 2735 8405 27 9425 9341 8625 906 3503 5002 4891 5362 2327 5849 4210 4418 2662 9892 6858 177 656 4447 3079 3701 6437 2719 4042 1820 3201 8308 4405 7045 1042
11 7071 466 4854 2047 1371 4708 7048 2613 69 5727 8461
29 144 1123 522 3353 7651 7529 4151 7081 7582 587 9799 1623 8758 9351 6282 3162 6396 7323 8675 9818 4140 3528 1865 1862 8235 8912 826 8303 990
39 8933 7486 6761 9455 7190 763 3335 1341 4196 916 8279 346 8891 3389 9697 5172 2902 2444 8847 1576 2261 9338 1455 4125 1200 9689 9389 2025 4344 6730 7663 9628 4215 775 9082 1405 7890 8769 9097
35 9684 7375 8782 8574 763 8478 3746 3665 7273 2592 1592 9534 1929 3047 10 9480 2735 5750 7857 3430 2480 1871 3058 6694 8998 8491 4450 6887 7259 3546 5323 6943 921 4104 5516
35 8934 5613 8051 6206 4556 9643 2091 2837 2689 8453 2316 1775 4202 6524 5205 3033 8395 8262 9727 7392 6752 4176 630 363 7722 5952 7305 4994 6407 9172 3028 5340 4785 7431 7898
40 7073 6340 8528 9761 4792 7196 1535 5346 3719 3091 8378 8465 7704 4456 2208 4456 4984 2837 4818 9057 5140 8474 402 7899 7645 9781 3238 8781 7211 7487 4473 4283 3827 3000 395 4970 195 8282 315 3914
22 5045 8730 9076 5852 938 9883 7187 126 1052 6243 5266 9525 6644 3164 3521 2777 2753 2302 9987 6592 6774 4270
18 6125 4664 1739 6320 2945 8406 6585 669 3450 5314 9744 5653 2603 9626 2840 2729 677 9082
46 6553 2078 3861 73 4854 2965 8726 1192 9556 1851 5461 6325 7976 6477 8064 4295 5773 6469 879 6441 6270 2544 2536 1922 1499 2161 1113 4227 9189 6547 4924 2093 8624 8784 8518 9829 8100 7243 1020 7656 9094 2833 332 7069 5661 8395
13 1433 1215 8593 4226 7484 7488 6761 5758 8986 5274 6870 9564 814
16 4487 2907 8391 9622 1424 4571 4074 8666 5591 1729 4111 4775 8412 1179 435 6807
43 8219 8021 3837 2444 1857 1325 5557 7614 6662 830 835 6226 1643 4251 7064 4549 8993 3038 2324 3564 7111 7342 5506 5191 1452 6632 3602 2631 7066 408 7875 1636 4781 1712 4080 2989 3036 9636 6954 6049 6817 7788 2274
9 8390 9338 9360 3735 8727 8035 7298 5837 5376
5 1027 6828 5786 4628 9458
1 1388
34 838 2520 5395 4917 5508 8430 904 8813 831 4072 2952 3104 8883 7694 8793 8242 1428 7519 6276 8725 3355 1652 7879 733 4831 3664 5361 640 2866 6748 4323 3703 5619 9718
22 7478 4499 2227 6290 5329 6299 9241 4785 5181 3286 3577 9774 4713 7448 2401 3437 7154 404 7667 7887 5234 7682
47 5873 6899 6346 196 6954 1964 9913 1925 9441 763 503 2082 6092 3153 7674 876 8333 960 804 4458 5672 8251 6859 5461 1757 7262 9479 9643 8848 7161 9241 4720 4059 5586 1267 1012 3901 1179 9288 9693 8294 9791 8126 737 2943 5799 1612
28 3110 8767 8437 8782 3370 5295 594 5126 8909 72 1120 7756 3584 360 8827 7643 2297 94 5006 2549 7624 646 2241 5917 6788 366 6653 6082
16 4616 61 5626 3383 8498 759 3104 144 1352 8229 9052 1423 5700 3159 5007 6059
36 9001 4707 8431 358 7255 6054 1003 5847 1971 7790 6212 4975 3872 5079 9591 3932 704 9325 8781 1462 8780 8925 2813 3360 4328 588 9059 7487 1946 1469 5824 946 6175 4254 1303 3429
7 8658 5627 8629 6447 1838 9956 6670
18 5898 6954 3972 5222 5734 1785 4001 1010 4598 7360 5338 1537 2770 9176 3482 4238 4999 4427
12 5604 2081 192 2262 7090 5818 7243 3537 4007 7198 6558 7274
45 9863 7597 4668 1949 9382 5020 2958 331 8731 8295 1867 1500 7470 1700 5737 8820 2478 2500 775 4558 9043 3037 1648 4860 279 1536 5218 3828 4445 8843 6922 660 6440 7941 2608 2173 2960 5565 2503 1690 212 721 9541 4033 2420
27 9205 4897 4128 9979 5806 3170 9367 3805 4381 9645 1692 9598 9824 2489 4792 3097 3148 1231 1037 5755 9755 348 7671 2257 8389 7882 9329
29 8267 8100 9557 7471 9348 3684 7449 5154 3205 6816 5310 7585 2812 3354 3534 2636 5842 8326 2084 8989 5908 3121 1095 5663 3468 8765 4271 8209 2999
2 6137 1265
1 5694
35 7399 5729 2535 8904 5286 5702 4213 2870 8514 7566 2756 7501 9759 7433 9584 8747 9692 9056 6193 1706 2524 1310 5977 732 4308 5928 3220 1924 3978 5265 7010 7728 994 9544 6631
31 5246 844 1852 111 4761 4607 7611 4520 8391 3546 9618 8083 2602 5811 9788 1477 7120 2116 2208 7779 8043 1779 6054 8373 7044 3063 6100 4389 8958 2731 7019
3 9926 8870 665
36 9829 8275 5557 8219 1821 5175 2653 4422 7337 2441 2250 808 4556 4457 4938 8951 2587 991 3675 9630 4053 6126 370 3010 5208 7388 3565 5133 2610 4229 6171 2438 8856 8079 7008 7028
3 9661 7801 6941
