3
10
18 43 30 42 47 6 42 30 46 31 3 31 19 1 41 5 34 11 42
6 40 22 21 21 14 12
21 27 25 9 41 4 1 22 45 49 27 38 30 25 20 33 5 40 33 46 45 18
28 38 43 47 11 16 17 24 27 30 2 3 38 42 6 40 13 2 39 42 41 20 16 10 2 20 50 36 17
26 4 25 33 48 21 45 13 40 19 41 19 20 43 6 14 50 45 26 3 35 17 43 5 34 5 8
6 6 44 22 1 49 48
15 46 19 29 11 10 49 3 28 21 48 33 36 49 29 11
12 14 30 46 20 15 50 27 20 5 22 44 7
30 41 43 18 11 24 30 20 24 32 47 44 29 31 31 30 12 42 31 25 23 28 46 37 28 24 7 34 48 2 43
29 42 37 36 3 10 17 22 34 49 21 29 29 3 10 8 14 3 40 40 27 18 35 13 47 11 21 32 8 22
10
24 26 16 11 12 18 22 30 41 7 28 11 36 9 14 47 18 27 1 8 17 27 25 3 41
23 13 12 4 20 35 30 46 50 42 9 19 13 40 10 20 18 22 7 28 35 3 45 14
23 4 32 31 28 34 21 2 49 34 6 20 19 35 17 20 26 25 39 40 15 50 9 34
1 15
23 8 19 7 23 23 11 4 3 40 39 26 42 37 9 49 7 29 35 23 49 10 50 39
11 16 40 10 1 10 26 13 19 47 21 41
19 33 44 24 23 33 49 16 21 7 16 29 38 50 4 38 11 5 28 11
12 17 20 22 28 48 36 47 44 8 37 14 41
23 39 15 17 39 32 39 46 47 18 35 46 23 22 6 27 49 16 48 17 38 21 44 35
28 40 30 17 29 45 7 11 34 23 29 22 4 17 19 50 34 5 45 8 26 2 34 26 18 33 42 5 5
10
16 41 14 27 22 31 5 16 39 17 1 12 45 25 15 12 45
17 47 50 11 5 25 13 40 1 32 25 42 36 31 29 28 45 6
9 27 12 16 15 31 17 26 25 43
23 38 37 9 37 36 21 41 11 35 32 13 16 6 6 3 37 35 30 33 42 30 9 3
16 23 35 14 1 10 6 43 49 44 3 35 30 23 27 40 8
9 4 23 16 9 28 2 45 9 36
6 39 44 41 36 19 25
21 19 36 8 13 35 1 15 19 30 37 46 21 46 6 26 21 21 35 48 25 31
6 10 19 46 4 11 33
22 37 33 42 25 42 4 9 43 20 29 24 8 26 45 4 33 22 24 4 8 23 28
