11
10 2 2 4 2 2 2 2 2 2 2
3 6 4 2
9 2 4 6 4 4 4 4 4 4
3 100 10 1
7 5 1 7 1 9 1 10
3 1 1 8
4 3 1 5 7
10 30 25 15 1 1 1 23 23 90 10
499 1 1 1 1 1 1 1 1 1 1 1 29999 1 1 1 1 1 1 1 1 1 1 1 1 1 1 1 1 1 1 1 1 1 1 1 1 1 1 1 1 1 1 1 1 1 1 1 1 1 1 1 1 1 1 1 1 1 1 1 1 1 1 1 1 1 1 1 1 1 1 1 1 1 1 1 1 1 1 1 1 1 1 1 1 1 1 1 1 1 1 1 1 1 1 1 1 1 1 1 1 1 1 1 1 1 1 1 1 1 1 1 1 1 1 1 1 1 1 1 1 1 1 1 1 1 1 1 1 1 1 1 1 1 1 1 1 1 1 1 1 1 1 1 1 1 1 1 1 1 1 1 1 1 1 1 1 1 1 1 1 1 1 1 1 1 1 1 1 1 1 1 1 1 1 1 1 1 1 1 1 1 1 1 1 1 1 1 1 1 1 1 1 1 1 1 1 1 1 1 1 1 1 1 1 1 1 1 1 1 1 1 1 1 1 1 1 1 1 1 1 1 1 1 1 1 1 1 1 1 1 1 1 1 1 1 1 1 1 1 1 1 1 1 1 1 1 1 1 1 1 1 1 1 1 1 1 1 1 1 1 1 1 1 1 1 1 1 1 1 1 1 1 1 1 1 1 1 1 1 1 1 1 1 1 1 1 1 1 1 1 1 1 1 1 1 1 1 1 1 1 1 1 1 1 1 1 1 1 1 1 1 1 1 1 1 1 1 1 1 1 1 1 1 1 1 1 1 1 1 1 1 1 1 1 1 1 1 1 1 1 1 1 1 1 1 1 1 1 1 1 1 1 1 1 1 1 1 1 1 1 1 1 1 1 1 1 1 1 1 1 1 1 1 1 1 1 1 1 1 1 1 1 1 1 1 1 1 1 1 1 1 1 1 1 1 1 1 1 1 1 1 1 1 1 1 1 1 1 1 1 1 1 1 1 1 1 1 1 1 1 1 1 1 1 1 1 1 1 1 1 1 1 1 1 1 1 1 1 1 1 1 1 1 1 1 1 1 1 1 1 1 1 1 1 1 1 1 1 1 1 1 1 1 1 1 1 1 1 1 1 1 1 1 1 1 1 1 1 1 1 1 1 1 1 1 1 1 1 1 1 1 1 1 1 1 1 1 1 1
100 29999 29999 29999 29999 1 29999 29999 29999 29999 29999 29999 29999 29999 29999 29999 29999 29999 29999 29999 29999 29999 29999 29999 29999 29999 29999 29999 29999 29999 29999 29999 29999 29999 29999 29999 29999 29999 29999 29999 29999 29999 29999 29999 29999 29999 29999 29999 29999 29999 29999 29999 29999 29999 29999 29999 29999 29999 29999 29999 29999 29999 29999 29999 29999 29999 29999 29999 29999 29999 29999 29999 29999 29999 29999 29999 29999 29999 29999 29999 29999 29999 29999 29999 29999 29999 29999 29999 29999 29999 29999 29999 29999 29999 29999 29999 29999 29999 29999 29999 29999
5 100 1 1 1 1
