10
100
21 81 45 84 19 47 63 87 51 6 14 92 13 92 8 44 4 60 47 79 73 5 40 63 25 71 4 98 48 31 31 20 11 75 55 29 21 69 68 24 75 33 15 39 25 22 82 28 34 28 58 6 84 49 20 60 19 75 58 18 6 88 89 68 14 43 97 87 12 16 10 86 48 24 24 72 97 57 51 30 37 8 87 20 9 58 80 79 33 37 97 38 76 85 5 89 80 53 27 91
68 36 28 68 11 3 91 8 59 42 89 95 1 28 67 9 85 46 88 69 34 36 6 61 72 63 49 51 67 28 41 35 63 68 54 74 22 44 33 81 85 73 27 38 52 93 46 89 90 85 57 23 20 15 83 92 29 84 94 95 11 35 81 25 54 34 50 76 78 34 8 14 7 86 51 58 79 97 46 20 81 55 95 53 69 29 96 97 64 89 91 26 75 24 51 81 57 100 8 34
100
34 15 48 92 100 98 1 30 46 99 50 79 53 96 31 73 24 26 69 88 66 11 13 41 34 15 21 91 67 28 76 52 94 75 43 45 25 95 75 22 93 76 100 45 71 82 17 94 59 37 33 25 48 46 17 33 12 89 75 78 68 3 29 61 77 23 5 53 18 31 75 62 6 26 59 28 60 27 74 18 64 6 94 63 3 62 47 15 50 22 44 69 24 73 29 52 47 86 57 16
68 83 78 26 60 88 53 19 14 26 89 29 84 34 43 86 96 90 100 97 63 44 66 38 68 46 41 66 83 97 82 51 79 11 76 91 50 80 9 63 58 97 92 41 83 86 26 78 75 78 26 37 73 91 74 40 89 15 57 71 63 90 21 94 100 48 84 49 28 92 64 85 41 7 25 75 92 2 52 67 79 29 55 51 72 81 42 60 47 51 30 9 40 3 2 92 50 85 92 29
100
29 55 13 21 13 89 95 5 91 98 23 21 26 29 72 49 9 65 8 55 15 90 64 55 44 17 98 93 54 89 22 82 44 86 54 56 75 48 12 17 97 86 37 74 15 60 23 23 25 82 30 91 71 93 97 14 61 94 59 14 83 32 95 78 17 100 85 43 99 97 59 95 82 96 69 48 55 43 71 31 24 100 74 47 44 70 60 4 16 70 18 50 1 64 79 70 16 63 64 14
11 23 9 45 70 29 92 76 23 14 7 46 13 80 92 8 1 4 64 68 73 33 17 26 96 95 47 11 10 10 77 20 84 85 64 53 65 8 29 87 21 87 84 86 66 28 93 18 31 56 86 55 88 54 32 36 1 78 98 10 40 74 29 23 10 45 76 26 4 56 64 24 42 48 9 59 75 54 76 5 61 13 11 1 67 43 36 19 72 85 28 11 11 8 86 20 4 13 98 7
100
68 61 31 9 8 91 67 82 44 94 38 5 7 1 57 25 95 44 43 18 28 22 81 38 29 66 10 33 78 7 39 45 19 69 53 27 60 71 60 55 64 50 11 70 50 67 46 96 10 88 13 38 9 93 27 90 58 88 22 35 46 60 31 65 81 35 91 92 5 2 46 69 51 57 90 52 23 36 47 33 75 60 22 36 52 48 25 10 88 98 96 33 57 27 97 89 61 87 80 66
41 78 86 91 34 75 43 8 62 89 40 37 48 13 24 52 13 48 61 100 45 8 32 53 34 29 94 47 67 73 64 7 50 49 50 35 75 92 43 37 32 34 25 32 47 48 83 59 47 95 58 91 2 41 95 88 69 88 86 88 13 49 94 14 49 43 49 23 86 43 11 18 76 35 1 74 82 83 32 28 29 41 70 82 82 17 21 2 4 6 41 68 6 35 82 54 29 82 29 67
100
24 39 36 99 26 36 73 7 70 56 87 50 49 56 31 30 72 52 83 28 9 24 47 67 10 28 72 90 61 100 8 84 91 43 83 16 30 7 74 51 14 60 100 62 68 83 91 91 86 26 18 94 49 17 60 10 44 84 51 57 83 59 40 25 1 74 92 83 80 18 33 94 77 33 55 96 67 98 87 52 75 56 97 75 72 9 84 68 92 34 24 74 44 63 51 45 89 42 79 20
59 11 13 88 95 20 35 61 69 21 64 43 29 61 69 100 69 4 19 60 37 42 85 33 57 87 77 97 81 55 16 91 17 81 78 64 52 13 24 20 85 40 14 13 100 34 65 68 37 83 79 25 77 15 57 85 2 33 81 82 39 48 72 8 28 2 71 79 66 46 50 50 85 15 15 84 48 31 3 84 13 33 9 41 48 65 77 49 50 57 82 40 5 53 47 84 6 69 63 71
100
15 12 73 99 27 87 35 74 69 89 10 81 22 18 74 21 82 50 69 83 59 2 23 15 54 69 98 12 38 12 82 4 24 54 54 2 92 40 27 60 29 36 93 2 53 66 22 87 67 42 69 77 43 91 91 48 12 41 59 1 52 93 56 27 46 9 80 90 49 7 1 29 42 93 30 47 10 3 85 29 44 5 5 38 96 48 85 59 88 96 11 91 88 66 18 85 26 97 74 74
55 27 54 49 71 35 47 33 37 31 61 32 35 17 69 82 64 6 92 51 1 2 94 40 67 11 24 93 59 50 18 14 76 24 62 46 58 8 78 95 90 90 78 24 7 47 58 70 4 49 73 56 51 66 95 69 28 70 13 86 19 31 51 46 54 64 44 63 71 73 9 60 63 87 36 69 85 45 90 88 93 14 43 95 31 37 64 10 6 76 48 77 58 98 22 63 62 65 26 84
100
38 34 96 52 20 83 72 4 27 61 91 19 27 85 14 9 21 29 19 79 56 66 55 14 63 28 28 76 45 53 60 34 87 7 85 58 89 56 14 15 68 4 85 46 89 50 55 61 78 73 91 86 90 97 51 52 25 78 80 21 31 91 54 69 97 90 78 85 97 91 51 64 95 35 62 35 85 16 47 14 40 38 99 29 86 49 32 10 27 11 82 9 1 87 29 97 76 6 33 72
97 83 88 43 18 49 29 2 16 75 67 7 64 66 35 50 14 18 11 92 29 45 52 81 31 80 30 7 38 14 30 86 97 17 28 66 17 56 19 84 82 85 90 98 50 76 99 16 94 61 59 74 5 11 6 88 42 35 94 31 1 75 16 97 92 95 62 60 2 32 44 84 16 33 33 18 9 83 33 54 95 91 79 100 53 84 39 47 71 32 77 71 58 45 19 49 39 32 9 41
100
63 4 76 78 36 60 95 96 42 79 49 36 22 27 87 74 63 25 72 33 8 1 55 66 97 73 66 35 4 26 27 66 29 2 95 17 61 90 12 54 20 13 42 41 91 80 67 53 5 38 37 64 90 91 81 86 63 99 73 66 24 99 83 53 1 78 69 13 19 32 19 38 44 60 79 35 39 97 39 95 86 76 11 76 66 91 13 29 89 85 46 65 84 29 17 84 6 37 48 24
20 66 13 64 77 43 50 68 39 88 62 25 15 72 52 81 15 64 61 55 49 6 19 32 34 87 67 91 75 14 66 95 32 31 58 8 73 59 75 12 98 89 88 13 12 39 93 78 2 53 33 50 10 51 33 96 90 99 86 64 65 4 58 48 34 67 7 58 25 34 69 23 22 8 35 85 46 79 63 48 31 95 49 92 97 82 87 86 32 25 50 96 28 7 43 13 26 2 70 50
100
35 91 24 56 98 10 92 44 88 54 43 70 100 91 62 97 24 48 82 56 24 83 3 51 42 98 15 67 99 37 68 33 27 92 40 24 1 31 19 41 85 61 10 84 4 71 32 27 71 66 34 94 48 37 97 89 34 11 7 32 99 75 16 25 18 55 1 70 85 19 10 21 32 72 57 87 94 40 65 64 5 99 10 53 87 58 93 72 20 52 55 19 26 70 43 95 76 43 64 12
14 26 33 97 97 41 35 90 80 99 6 37 49 67 41 87 24 85 58 43 36 64 61 13 33 4 7 8 98 23 20 63 100 4 59 96 96 93 37 27 44 94 63 92 60 55 79 83 40 88 26 75 52 38 88 36 93 46 96 91 68 15 5 67 70 64 14 65 8 3 43 3 96 58 95 8 12 25 42 51 64 19 78 67 57 65 3 49 62 98 91 82 64 96 100 33 11 66 49 18
100
68 43 21 15 100 67 74 12 43 16 62 6 34 39 25 90 55 27 91 69 24 81 50 39 28 49 71 38 14 71 8 33 65 80 100 65 46 73 76 40 88 89 97 22 80 21 63 34 47 5 2 22 86 3 60 13 4 82 3 17 4 10 2 69 89 1 33 86 73 60 25 13 48 21 34 27 42 48 13 40 53 66 62 90 69 21 54 24 55 56 92 58 65 93 26 53 45 58 90 18
69 14 30 17 35 15 95 28 62 59 67 66 25 28 55 45 1 9 68 7 64 59 64 81 4 90 85 48 99 75 17 20 88 98 36 74 12 82 1 26 41 20 43 17 99 98 13 99 58 32 5 73 42 21 53 45 62 90 45 12 16 13 31 55 11 18 29 74 100 81 51 92 100 94 8 99 43 72 49 100 3 6 24 96 26 29 93 39 18 37 50 33 49 81 87 11 98 67 85 49
