172749584 -116403883 1
176670840 -155693891 1
-3189464 13389185 1
-8345715 6899738 1
-34358909 39609958 6
-17161799 147336660 2
-446834 1548545 4
-16509311 39445664 2
14467951 -20671805 11
87820493 -22775378 1
-27425937 33382660 1
1336221 -1324846 2
-4054685 243371832 1
-32559932 165618489 1
-15733823 15600299 1
-310646475 372574298 1
259242679 -22531689 1
-1234342 59359813 3
16994438 -203512707 1
1387612 -16720305 1
131169536 -127759905 1
245240455 -1344286 1
53196324 -33553475 2
-12759837 92574767 1
287117835 -32135449 1
-34892812 71837039 1
-237210749 390666149 1
133898009 -126452607 1
6339367 -84160388 1
-57019742 38505221 4
13130288 -7470979 14
30608071 -37165140 1
-229489 451605446 1
-17628085 12762949 1
-217661574 252483199 1
25168609 -63309437 3
-3444066 491939 5
58697471 -179658194 2
68750885 -142165316 2
7425283 -22952118 2
-172272243 31630328 1
-76856719 296525 1
-144134911 368648850 1
16672067 -27983571 1
-31962786 14855827 3
155831627 -236430067 1
4019645 -72304782 2
233814228 -204068273 1
33360275 -1850907 4
-372399293 96029505 1
67687577 -64583900 3
-221195228 403212867 1
-127457717 21101377 1
-422924033 357019440 1
2981879 -113988837 3
-2709631 75740070 1
58702335 -17693351 5
3806419 -157242330 1
9539051 -4866552 1
861901 -663182 11
-403889344 287762237 1
-132133095 169400068 1
7119693 -19790234 5
28575214 -9029329 4
166371973 -64225572 1
-44659584 27874531 9
-12601202 35991207 12
116883239 -25154958 1
53173 -37232518 12
143438118 -161734007 2
-57727793 2505879 2
825912 -4714855 2
-47891647 25861990 1
-5525143 2519757 7
-21477073 61930081 4
-2396642 8827457 23
-80370769 23859955 1
45804731 -28470033 2
338831285 -210520994 1
-13788881 13013147 7
-166531 180662 70
5575931 -11222043 6
-17894167 16224235 2
-16114606 5936287 2
16802323 -8672380 19
2179342 -28999 17
81101732 -33225627 1
-1623914 1136351 38
249342807 -117772373 1
-225285999 10895108 1
-60618593 105693319 1
-34018681 38750855 1
-100400832 117043823 2
-26612039 174454991 1
-41457853 29548445 1
81175956 -132198601 1
313052751 -112667213 1
391967377 -274424643 1
-106407997 66285637 1
-1100087 123463 107
-19283681 64669485 2
121465 -28218 699
145116086 -178500059 2
-20414265 53433026 1
22638029 -32521220 1
-280421443 267576857 1
-7449177 9136991 11
824518 -4706299 9
-33213585 247418038 1
-2003515 619958 10
-63877637 29172827 1
-19149823 12447698 12
-177595819 60911400 1
-71078837 31496570 1
83508668 -142699431 1
65120348 -56161489 1
-38990431 25664764 4
-7174910 7683867 4
-77442671 5569656 2
4438957 -1689151 3
19557133 -12073080 2
76388529 -74111395 1
-46571743 16767387 2
-29878229 30808854 1
359871125 -133307439 1
-24127552 50524827 1
-16154849 40058778 2
-18000908 32213265 11
-25461789 12648845 1
65297163 -21213982 1
110389533 -71225962 1
-118962325 1205716 2
-52611267 21757447 1
-6100691 45380478 1
218813981 -134929419 1
-154844268 47425871 2
-254345 868312 5
-4443014 235773065 1
-20540970 12173441 1
-58841568 109201423 3
284644579 -52911878 1
-20556644 102008963 1
38326232 -35525047 1
149328171 -142268272 1
-280857420 297563771 1
-17429 426535 178
-97075476 31066037 1
113242139 -265388135 1
-55205572 133205173 2
-3697476 41839925 2
-269335590 370788871 1
-338961117 301452461 1
212483 -575356 20
-65937244 89105879 2
-199108996 155578339 1
13236599 -3763394 1
83615899 -6368066 1
-173422499 180283796 1
3677081 -25535832 2
30917551 -35093311 1
56379839 -47519827 3
533451 -9515257 3
-5396353 4438752 4
-10501103 15799943 6
-234172578 22659629 1
336956854 -103997769 1
75428920 -9939437 2
-38851506 30666893 1
-3766789 361432 12
-244852603 34566898 1
2030719 -26353389 9
-3145415 4170358 40
-31272728 67726269 1
83639406 -62287097 1
9760593 -20053207 12
4853421 -11679082 1
-5715677 2394035 1
-127268233 24490998 2
30643623 -816943 1
-6205816 73177007 1
6630329 -89359771 5
-108934077 80178023 3
-40964263 32639706 7
46870232 -19219101 1
84393016 -30446071 2
-313634587 67432032 1
-300885983 142237066 1
-91578089 89850684 1
-21222413 12012888 1
-271004341 168474651 1
213815123 -227778315 1
-81644845 86574167 1
-49319053 59338406 1
474628811 -134060725 1
-50816992 29510031 1
11963081 -12485242 1
90246258 -8167615 2
349553649 -325607117 1
-28049255 85569533 1
7824391 -16193230 1
158299970 -115820187 1
-188301694 212043445 1
-30389647 177984046 1
59946805 -100074497 1
128510714 -216764279 1
6239795 -16960172 1
1673165 -1728977 111
125665397 -131516596 1
-384150362 244693219 1
-88267145 78219056 1
4938743 -21983360 11
-59856159 23613043 2
11371238 -7074385 1
-31657480 23281877 1
218510564 -217908447 1
-9557367 1849429 1
-61608281 27794038 3
54766124 -95610049 1
-360002972 364638881 1
-21008260 28909837 1
26133412 -12613617 1
267056302 -1821845 1
99095053 -174063743 2
-140655296 140906905 1
-81857182 31884663 5
-58039686 213434725 1
-20090923 8824799 3
-27604979 2810093 2
-134969725 32114559 1
-71902671 16821130 6
-12989631 54373145 1
-39457184 6286953 1
-17262617 15804530 8
42882867 -14293123 3
-212297 739748 367
17344045 -16617022 10
-144233495 45391566 1
-11578405 51986873 1
-353610177 6249244 1
-36914993 35526652 2
2265527 -10921805 20
148942470 -118228043 1
235585721 -47560645 1
2432385 -2897329 1
3775217 -468389 16
6420901 -21048012 1
-327954815 90510869 1
-11489981 102963051 3
26498708 -19610905 1
-19961008 45340521 1
-5941930 6142629 1
42726701 -332970148 1
1188121 -27911336 1
181666096 -16745179 1
-94559813 205755274 1
2387797 -10857966 1
-27841877 102858401 1
-50939666 86836309 3
62448479 -54178866 1
34074051 -37479812 2
97872417 -175310815 1
23623200 -173621519 1
-53354267 32608599 2
-152397757 6033273 1
-196934881 112882261 1
-88023617 12179426 1
264224970 -196327453 1
-1713826 23579121 1
-3097767 6802843 1
107497823 -99571211 2
38861366 -227052299 1
46268532 -33205697 3
-129765825 94357451 1
-9924239 5789226 6
368669841 -396393251 1
207853639 -34041655 1
-159630543 57017119 1
-54344151 73317839 3
175797211 -354600921 1
-29291407 76234083 1
7240220 -32195677 4
-162879630 120413587 1
-171196205 8215927 1
-353818735 183414532 1
-290976583 336471883 1
-154367647 95286613 1
191967047 -187877862 2
-214610212 65193597 1
10138215 -3002287 3
445157927 -256983014 1
-39026942 18400051 2
185015639 -185074327 1
1123113 -6633119 1
2227349 -1874672 24
255323460 -91969427 1
6165977 -19518085 4
8766241 -12326526 1
19504627 -97312325 1
330412 -34150401 2
109384963 -295235902 1
-13648865 180177162 1
-32807459 44477213 2
91138705 -77802048 2
-18485051 4776355 1
273859079 -97790526 1
83571973 -119435237 2
10821632 -8800861 2
-15703802 202080549 2
236566148 -22528213 1
160115301 -395313628 1
-70943204 43732187 2
18424934 -23738491 3
4928886 -47542063 2
-62907743 67803670 1
13438196 -11711979 1
-273545547 265387454 1
-18852541 1033257 1
-38247779 1822643 6
-29684607 12320230 2
1525874 -3607773 6
15931251 -3450154 2
10479935 -104078031 2
43716071 -28283972 4
783329 -9476 3
63403153 -8146334 5
63338020 -103288319 1
38696411 -105382326 2
-67193331 201322535 1
33339253 -42282123 1
11242408 -27748723 2
-502166 5682689 4
-918601 2638216 129
-264910913 60544320 1
-44539576 28358791 2
104414469 -41129507 2
7069904 -20609885 8
2147459 -9251163 7
49056353 -27685596 1
-29883243 279250282 1
145065465 -107845811 1
26070102 -5145259 1
-24814575 12336031 1
483246876 -129410257 1
50406585 -83767606 2
-40098515 13988827 1
15504417 -45274484 1
124766721 -36775810 1
13431180 -32933521 3
110183899 -62189924 2
-38399775 30499921 1
44344154 -2558455 2
-93259731 57286963 1
85069963 -6036533 1
-113685317 156115430 1
-135905863 238362776 1
-64417977 38401147 2
69892042 -65649471 2
136167959 -208414932 1
2609438 -2369047 11
39651320 -171323971 2
-173247399 107746856 1
12184793 -15818591 1
-71440275 65991112 1
59459 -244035 6
67304379 -19106998 5
-57747047 169414535 1
-418114375 323296037 1
37160550 -47394889 1
303276791 -265904265 1
-29698828 85285877 1
-238674360 3170069 1
18547453 -34451965 8
115343488 -203129439 2
-8750922 217169587 2
25062233 -29991735 6
4259147 -38690922 3
118460055 -15551173 2
73891956 -27315019 3
-141342187 73161274 1
78849003 -8264587 3
-6991134 13882181 15
-68306698 122640237 1
270435769 -183560557 1
146173803 -169590752 1
-217277 83100 8
527509 -10058261 1
-23928951 24618464 6
-49901919 65130050 1
233426083 -188342703 1
-66400682 27966285 3
70440417 -104057362 1
64262798 -42874403 2
-421187598 66395387 1
198267493 -190827596 1
154582232 -231259475 1
-169713958 68689607 1
-33522881 33809250 1
40705187 -204127768 1
-69080950 36958759 4
-133597939 358429237 1
211155891 -143312354 1
-60672551 17349794 1
104660381 -20744698 1
313306136 -369094859 1
-50957156 71256377 1
57146134 -12960733 2
-122218202 116049685 1
35243029 -23807992 1
732175 -39441216 6
-25771353 15673598 3
20999689 -41247092 1
267838 -421263 58
3476755 -216987 5
14196245 -34956926 3
-38825683 61984584 2
-916873 115811565 2
183667439 -286369447 1
72744409 -50917471 4
3489831 -4585003 25
-1592347 31248067 1
27848071 -23787388 5
-120102385 399786399 1
125341458 -178171283 1
101274907 -93840685 1
-828001 20598022 2
154177273 -230578244 1
39258058 -11385933 4
-36075867 274743383 1
-82427042 157795153 1
81915397 -28290709 4
-101947219 76581965 1
116066583 -314752964 1
-49878001 31168303 3
42059561 -27680638 1
12999891 -15272708 9
16840225 -222382 8
119181534 -66116773 1
1590390 -1577237 4
263926051 -2968439 1
-396431 1761253 3
-13044081 14880815 14
17349967 -18589658 3
275446468 -444860879 1
-50093127 237833867 1
4741881 -131599996 1
-27953119 259899231 1
-3158546 2532937 1
-231603427 110584391 1
49336163 -97124700 3
41188092 -39430837 6
57554864 -3470761 1
87202937 -52639122 2
198077239 -88470753 1
13844858 -3826359 1
57646625 -41724481 4
-2048190 9965267 1
30155047 -29532760 2
32943571 -225990419 1
207152 -371153 456
11456863 -5889194 5
47112426 -74896343 2
-19326751 10320698 4
57833179 -51056498 2
-18266276 15117607 2
6818011 -18373197 2
2778978 -75326473 1
1816953 -4437698 20
-3444264 30554609 6
67378271 -29068789 1
208554802 -146784789 1
-4869231 11776600 6
-115292156 193415239 1
-31365754 16862911 1
-18723931 100371286 1
13830663 -14623115 5
-20964651 74059121 2
-276904798 27411979 1
-216206441 280719774 1
-3847022 11611617 14
233551509 -42277126 1
64104479 -57478033 1
69967796 -49104479 1
-6185572 3333917 69
-53518021 67674695 4
25577925 -134347568 1
-324633375 133538128 1
-173572348 5415777 1
91100589 -9025708 1
26317107 -15159899 1
17383853 -32478735 1
273407929 -186393516 1
-36542117 8919545 1
-203514308 104371343 2
-495105439 48752849 1
6562411 -21532580 2
26192182 -52169299 3
107115 -719989 21
104982767 -1904268 2
-26772153 1256845 3
-6503496 5602285 1
-38912281 73117886 1
-45275397 3346675 1
27496579 -122489867 1
101789257 -23929816 1
-7784769 12207023 7
-13941176 314025863 1
-176061640 191968587 1
38697614 -45552739 2
61330179 -159140686 1
266917754 -78561387 1
1097948 -495329 117
64757228 -702891 2
3822049 -153337552 1
-338010589 99231285 1
4229957 -8236519 17
184453768 -3175321 1
28087325 -314449552 1
-19639481 64002506 1
84135903 -3195476 1
-5108465 8686113 5
50883327 -122545127 2
-218209401 105238342 1
-306174265 69590068 1
55798858 -77868367 2
1226059 -42907801 7
11397849 -93838156 1
-87436957 169320803 2
-108926585 138611376 1
50521381 -31040499 4
-55938507 31232716 1
-19253897 6763672 2
-329650393 298835200 1
15866194 -7446763 1
107721193 -103740802 1
55357881 -43667488 1
-4490252 3731955 9
231220891 -415986027 1
-391418685 317949371 1
-87799069 23439347 1
298174183 -178651470 1
357476993 -241960174 1
16881525 -95419954 2
-287599 2270922 1
-207511747 158944200 1
-4557417 6096779 17
-198314853 292750549 1
15357050 -19132319 4
-30252785 19964404 1
4362972 -25430023 4
-49084542 271417 3
-2219209 5518379 2
-45647453 149916424 1
-104688866 138596247 1
29308853 -2554689 5
-77961906 9791665 1
173837705 -108755074 1
291462077 -46354641 1
53374988 -96718875 1
397303184 -435550055 1
-67790063 172674105 1
-41810444 9973243 2
-189013312 309161907 1
135624458 -70625171 3
16264607 -12617992 1
-177601642 253345295 1
15543301 -64755197 1
17939275 -68783532 3
-10551055 17201222 1
112615326 -272110657 1
4404134 -6167097 1
-22738487 109042117 1
387877159 -29732654 1
108234165 -201831458 2
30449417 -3989235 9
173258203 -83426184 1
-17406863 42060412 1
-27748739 42895065 1
-42472763 109444921 1
4236855 -8074091 12
50042816 -50748529 8
12715615 -58790343 1
11563202 -121383209 4
2930213 -13478001 7
318194126 -91218077 1
-133242181 49056169 3
301119433 -126772589 1
-23509217 66726700 3
15540081 -11697782 9
76258830 -112080917 1
699013 -1918976 19
-18130793 14032264 1
10490185 -171386312 1
-1165513 46262829 1
8954536 -45085591 1
4965439 -4736619 2
-90110775 128131564 2
-213615003 51341393 1
200889061 -247531364 1
-51092011 47742772 4
758817 -1529095 16
-115548451 125729992 1
-13058510 25580397 4
136779995 -344532189 1
214496773 -44834262 1
67009855 -140417931 1
12086634 -79279513 1
51450430 -34543231 5
21144658 -75076631 3
-33347679 312983446 1
121347225 -38505128 1
-27679732 3073029 10
24609133 -10138598 1
165607636 -163194387 1
-47332626 203691457 1
-1044171 90767 14
-87040486 6686139 2
-85379851 9321611 2
-80303999 3374152 1
-68856453 5707721 1
-422422449 88031209 1
-232979741 91313397 1
51753011 -57992409 2
-259033673 101179847 1
-163803625 7032422 1
-25759931 324090507 1
75119795 -27446179 2
92173757 -309741972 1
26504927 -6935610 1
-303026102 359122359 1
-7155151 3212609 24
33120034 -18027811 3
27243247 -21762257 5
6916781 -1000786 1
19869177 -8827388 1
22889357 -25687538 1
-35529013 91491095 1
-178270731 165702847 1
31702699 -4479400 6
250803 -57288694 1
-124501061 54947387 1
47830039 -59103380 2
36844599 -30811084 3
-64469625 72629108 1
205342981 -465745975 1
145173982 -93301921 1
41127615 -8417672 2
-51883357 95314642 3
-198370409 236218152 1
26075061 -18470446 1
-216161154 279985307 1
-18487265 22945142 1
28830467 -136785951 1
36753938 -4435589 9
30918926 -127554527 2
-12597534 27552707 1
-24396442 1861341 5
-162070381 197590876 2
4207293 -870152 21
-18836786 40656135 2
-48994583 375748 2
300092 -1107953 1
91955896 -94229347 1
191435042 -137697587 1
-2006548 1022587 11
-162319 430534 2
-33821551 14961671 2
23722850 -168671737 1
186880822 -264248857 1
-70633668 104711827 3
12004857 -39432953 6
366674493 -351994328 1
-115363428 164124599 1
98556932 -53355881 1
-137931166 16787691 2
-15072122 122357041 1
27212294 -72911275 1
927617 -1646286 2
-178364610 265161257 1
2999133 -9384722 14
176416088 -111504885 1
25913917 -8345221 1
-33892293 21716368 2
-32329730 114518177 2
-186633852 111325861 1
-21038254 337069827 1
4914872 -7596977 1
10261139 -31472545 1
-11227 9557012 5
2799959 -96812980 2
-70301642 69209061 5
224100955 -27487121 1
-47720837 202372069 1
68663850 -12757541 1
319867307 -388750091 1
14399219 -69946943 1
101347568 -48042717 1
-102383394 122688017 1
-201349317 209252722 1
-355138610 2762549 1
-113536270 176086531 1
2609801 -3106125 51
127350832 -366020699 1
-1870034 2318301 129
-79426257 36087790 1
-21817 467939 240
-53624056 26302883 2
413254157 -377027407 1
115834996 -100864071 1
-7948909 4094712 10
-99597886 56070533 2
-341652929 284218331 1
85857145 -115720271 1
-31979294 130225635 1
-25476343 63675431 2
35381686 -43393135 6
-115298939 196060369 2
-16607111 4835660 1
-22958472 355923113 1
46452362 -105522419 1
56962114 -40524987 1
144275666 -24174977 1
68155187 -28012895 5
-3891163 62426477 2
-9649513 7085289 39
420810321 -163335877 1
-28313952 17145349 2
982874 -11706789 2
-8496999 20028193 1
2902177 -2132906 1
59608537 -16794500 2
43521213 -232732937 1
-342998662 127647987 1
-2405899 12645342 20
446676745 -361285632 1
-66036610 18406087 1
45138682 -369613359 1
289681226 -18839127 1
172972987 -234381593 2
39316742 -78753873 4
-2735935 11897509 5
-192833258 77289941 2
-430869662 449355227 1
-615381 128633828 1
6643933 -400164519 1
20999034 -430021601 1
283676719 -415439323 1
-2423935 17069938 1
401909299 -141690015 1
-872563 1442446 11
-109250 293523 785
106319798 -97134237 1
20941663 -19636418 3
-5905926 12756851 1
-1548149 1586866 1
-19015357 22468096 2
-34081727 6233612 13
-9849575 29302347 2
-15127841 93243190 3
221981708 -46988155 1
289181729 -43444816 1
280277473 -175384051 1
-154879222 65171063 1
56921851 -80753857 2
-138519563 67206439 3
-43709727 249444563 1
1950950 -18717317 3
-28113545 27115288 1
-263400227 98379508 1
-8017784 11988175 1
10583485 -85199014 2
-114381497 85693548 2
-371290089 349125418 1
143054064 -264292015 1
186110159 -19705939 2
11384267 -156277041 1
33934595 -50403762 6
-430376201 331391980 1
-201548929 448293677 1
-75668549 119282937 1
16233324 -43545521 2
137651629 -116629965 1
276254711 -480944114 1
-40398547 235276411 1
-164808596 13583857 2
80731794 -40254463 3
-9279008 84552095 1
305261973 -269104540 1
-23805901 69677570 2
-824405 10018098 4
-41170390 5987671 2
-266091416 370648245 1
312726537 -115318799 1
33427274 -66543585 2
-117875812 16462363 2
62513014 -111193053 1
209495069 -244227688 1
-4239781 2532204 1
-15403561 2923024 16
17194186 -54671079 2
2821464 -35920621 1
97539763 -14838615 1
-194478831 3033359 1
-100616485 66359 2
6039025 -34599708 3
-94135858 91010697 1
10517053 -13502062 3
5240783 -13748604 2
-333076039 88669838 1
22838537 -27135685 5
-166617370 156059247 1
-228123751 138864415 1
-209333624 105693581 1
13909897 -4695638 1
-187528671 133859959 1
-5311420 16262791 2
91270600 -5415983 1
10924069 -153861076 1
10783779 -1811725 7
383991470 -465482629 1
167887129 -195907824 1
-37715859 35385883 4
413978465 -92115839 1
-7576155 11342522 1
-2107237 179649739 2
-40565001 40658482 1
-128035063 88473701 3
-1852957 1496820 2
3476000 -10541801 8
100202489 -153774438 1
-40239289 20752660 1
-350602 1501789 7
-57996117 235485016 1
227978662 -11231451 1
1350052 -40864721 6
-14273256 12172291 1
-25629001 186766710 1
96405061 -27855414 1
-2330119 142276 51
-159931872 13321403 2
69875551 -85652990 4
127231887 -85545712 1
86876685 -240156059 1
-1183863 1957085 30
168913823 -108081347 2
209523701 -152261263 1
-779072 55756273 4
-122566717 121178786 2
-15634384 1542585 1
-61185343 20585032 1
-317903204 170319789 1
4238005 -214062509 1
399718 -529943 187
-5402921 90651465 3
-363239567 235039489 1
-76523789 327033508 1
114717476 -39702191 3
-15210013 10444591 4
247794129 -45707498 1
29617892 -1391931 6
210717913 -300811642 1
134005426 -19991871 1
51343273 -32722494 1
2829593 -7584996 4
-75958473 38988782 1
18752617 -6981835 5
108694838 -11212211 1
3049169 -20658335 1
-768153 6853259 2
253268017 -278415723 1
256565093 -372536852 1
-12956271 18609703 1
-39345016 27558925 1
81903065 -145439543 1
8256296 -2785101 48
-1575269 69385 48
-114733567 17103409 2
-116914991 44074659 1
-66945193 18915909 1
10584286 -19253239 1
12170581 -2131220 3
-12285337 117729399 1
8792189 -24159050 4
104381716 -15942823 2
111478109 -30556963 1
10108759 -7114667 1
125996816 -85749195 1
386725 -8232 822
-66813355 220687 1
-63885340 43215661 2
1005907 -7889549 3
-408621123 26516494 1
-12344786 147750319 2
-71823635 56572073 1
-62151494 5229523 1
-8090663 43489011 3
-86354801 252882131 1
-14453722 15774785 1
-75964369 126360489 1
-43034318 79073773 2
-121140437 28111173 1
-155010233 144841412 1
-86178278 222330755 1
-316071664 6765419 1
-34300669 32198255 1
344356075 -40886389 1
31184650 -33987041 1
-21267907 184374608 1
-108383626 17580207 1
-65730187 37669165 1
-97023508 19936443 2
8302475 -2839273 4
81421127 -111252259 2
-56352845 45710024 3
19155964 -23647349 1
77782910 -20700241 3
61115032 -116938595 1
-17848185 17850787 1
-44800584 51530629 3
-249615392 141225795 1
242086110 -321438827 1
-30047064 19404907 1
-14947699 10802167 11
-27696403 29514265 1
-5898043 2074987 10
62822791 -110975195 3
-32069055 4478251 4
-63115600 100926441 1
-14997677 3208386 8
17655976 -8755417 11
144178474 -350965411 1
12378477 -18104929 1
152710921 -243559693 1
-385090 264447 180
154378421 -20353915 1
-112669989 37355038 1
-49452198 20567911 3
188030681 -138116471 1
-16443143 27610390 3
-114645930 47297459 2
-480347303 462900752 1
42506756 -15883229 1
394714136 -326918845 1
37300303 -25234996 2
-196959828 86108371 1
27472133 -48553969 1
979543 -114785 17
-371402339 322968094 1
11283883 -47609261 3
-264596018 171667227 1
-70962115 86332576 2
9381443 -64121712 1
222978713 -88785724 1
244962452 -231338109 1
-3849498 12929315 1
-14124649 76318691 1
-19222879 1750883 9
-1118017 60747 25
-29310627 21227531 2
11172096 -9568435 1
280035858 -48369743 1
27158565 -140910023 1
128765459 -204865099 1
-91986 1094515 43
-14374569 21039572 8
-10583504 121308379 1
-26345445 26161684 3
-2054913 1210687 11
2840073 -3206992 18
28023873 -407403547 1
-37579515 90411764 1
25700331 -735857 12
15493095 -196450591 2
-32911430 91497223 2
330319427 -147834011 1
42013862 -45657059 4
64647109 -137363479 1
-52955352 43288483 4
102409607 -63744955 1
-317032612 303720377 1
-54228373 200947364 1
256153489 -256924580 1
38265298 -855987 4
-16000085 10694477 5
206826231 -81450308 1
5522993 -57156905 2
280439444 -356490291 1
10467901 -12389494 3
18622721 -184873406 1
-1781722 68317167 1
-31582783 266981019 1
8948165 -96457102 2
-11372322 10129621 1
142122595 -203944878 1
26571325 -46668906 1
-60131029 45637952 1
-1928511 1209907 5
161344873 -266085921 1
463074 -252611 204
-136341623 62778035 1
-8475673 332231424 1
