577586074 857168605
786915845 892938589
112554991 26811945
388599931 470038757
600941166 521275050
950295362 110690564
189257904 54610532
537579586 224994782
774177646 541837747
49985633 192741606
142732387 117263557
359617130 362704768
601190011 10016098
894183460 175792889
189867313 191492400
920446327 767453387
48661003 559878524
660391974 13732347
586690469 48991903
483771103 40147987
422783306 434066463
3354905 612041209
341193348 540934490
837035990 115370993
82772235 739537976
160628952 78020975
856801533 520246082
293242097 310507896
530262179 39941909
486300784 720129492
231434308 406747110
340099231 280095310
966625633 491203
293827657 405832454
901999460 777598759
445980441 177299118
64181575 449335345
789340326 257891276
990269834 478892668
225778622 73042068
70946997 386407574
3579396 927748529
759170009 296821492
238256423 141948540
336763401 724557207
862078031 568197708
983820670 54693614
700809372 802962655
55184816 994637028
208795108 809700629
624752139 654775548
986999746 541450067
104110891 628856424
799341343 946897078
960265446 25119963
872455499 31212441
264043890 876034895
958960969 23213897
25372739 49733744
165162437 214652493
626807304 879756821
782850201 610627972
934450435 336175925
266106980 842151604
183329305 474902087
504368586 808081443
982193988 343884684
202047863 938821232
972741108 1389204
885718308 785522906
26509166 610690160
816735346 143069410
339241407 628212667
166283306 364614145
530462764 183962096
579266638 157270067
63718916 214633191
620414392 998169350
550809115 886521371
692837306 734138419
213939810 197205890
394736214 196133796
541090574 596784076
134955026 366348034
450689633 873189688
4387292 329715153
336396200 821122637
472784562 675637606
301851656 639067867
40251749 832314419
823029963 472034740
842100839 739265232
539184284 462515230
589950934 89993397
201552953 282788238
676648169 415492763
332510482 923900737
611626558 873601055
373201165 599097938
92465441 823890798
324803978 96852732
153605949 661200177
770491722 626390510
189354135 72343376
117974729 82122237
757174148 793521045
554156977 451791340
532786275 93341259
914306569 122737207
35851010 115859520
258041799 565015532
383868636 590552280
341432621 995495194
316669687 714633786
447109484 261651481
538524582 624429815
358504212 544646884
138146344 128995932
23553746 327500478
53855661 141528474
409622714 663546162
935049519 963779690
115337500 320352146
909637303 882160422
295605707 798004666
850536296 406163859
215536550 86921284
996716138 556969171
82416476 165902177
124119309 382042313
427553657 662643890
6472126 638574222
59807126 144618469
620086507 83360871
324635300 526458521
224889344 734258014
42521035 12455215
550554056 10374889
185323715 312707711
892535310 480929421
110712375 595587958
887093279 178765279
682509242 736325769
588250803 617442071
754744299 712370111
852000738 34814308
227530353 710989217
673388529 287337478
708124040 293475034
370698348 32759338
819933554 595587691
767017351 862454588
460559260 170087760
872829476 645882974
482795470 617881139
126812393 446024199
65985449 866422025
624789477 601011044
455264146 65556632
70969468 62524797
777926742 922970205
97339104 5457093
633959420 770727632
292794570 194599812
64202664 663492917
227359150 736652571
111596960 846892854
451623511 572156219
16980612 176969340
70555545 499776082
647366832 49884291
945800280 713352280
916306315 423106109
166879677 224086813
488662740 237849144
286611609 119105834
160819347 383950712
124562926 647295120
7194696 269873849
841894932 71397359
933366765 69254080
660566283 897480078
768663287 964706148
322152650 785643899
141675486 392708194
137936333 641558671
442592485 936252966
207427303 211415152
211875427 374306979
435501965 700538166
612156122 574629927
819643999 772975468
958580639 796723278
272786941 965775334
66597125 114681871
889689047 852480243
36452304 402771682
749960319 805115590
219994182 72112967
443275841 214186021
317337515 433728527
855744691 759929999
369981491 63171993
971345150 581856917
437478971 259363467
134911435 49635092
833993394 807071787
675126913 645090385
603795063 947913853
463382071 522908541
915112077 205587470
375388782 951564380
608359152 977865455
609196323 828353333
902494775 904988517
42539353 219832288
338717043 750800397
979762286 561214887
813972389 803623789
143071803 103967713
62987254 130499591
6119158 896980647
937571378 533762424
394587384 393882793
334192630 857969455
916791334 249304705
63556923 144696468
53385438 524432428
122561921 515098114
205302114 877573050
420086629 100357820
97405336 611320025
851158216 929683976
172534911 517646958
585824117 168123067
621614670 648811370
151139011 480250181
398308370 88710387
14012603 792895753
335109534 348205232
503381560 104417220
450026291 566938483
101630041 503411728
91370909 76708316
18509840 149189376
954281365 291112822
249547195 904203054
902432847 100705410
686403382 927484111
618352367 272227497
95607176 92483389
773555221 99262540
572733569 24379943
40489281 439262525
817275695 375598814
787467757 173173608
332532387 90010400
740112090 434162427
593422127 683999352
510870742 464448320
833188728 465152105
608077495 82735921
221871512 363026694
35957684 908274893
290510803 506826404
33018743 238634332
599309792 806573963
337896872 24559713
830953905 378386152
463822238 500745952
606501319 103806347
673919559 939033705
193816746 266548001
373196130 639755226
950547353 884066872
104203544 636252433
201735329 564797392
571504707 423606840
927824086 459978745
184398086 70851241
966805148 217416828
309485573 418631293
23990789 499898798
443191005 854944693
878284949 759529596
208206997 337302620
863335942 882126556
276336323 909669041
148674555 502048806
549424265 951738261
238632030 506144162
440507046 440367359
70941553 12011752
716490552 851281992
324506850 900888637
922133232 291311996
118305463 84135157
709943288 142296251
584033954 5650646
849757297 314835255
765180241 57964293
652137874 481032536
792607202 928474196
243217929 941281756
283039355 792642194
745536370 521671384
151302708 186043414
962038742 74760614
50571519 531045647
926042605 375078368
431934282 700692190
518906718 402756099
784827346 81366358
397568703 368861299
87017003 99842353
683696553 704713598
10322999 188350780
38262486 802930200
116824974 281480414
596728308 252380682
74122606 342264676
774052066 77941668
380824444 588607160
5218635 431395962
119652805 931261240
658990684 404103441
484469782 177897400
806859539 269297126
259263757 204428240
490674778 198797114
304270592 26887684
903510711 314593590
215238463 941773196
117523788 184579790
223253608 566768450
436960472 149892568
909033125 211012536
80350589 142373921
799619695 85569223
573769883 771788854
16830461 85276919
175892293 353816596
263174318 982751831
623113722 374954428
39696423 113788498
573751541 196483369
140676181 477262250
511076958 208430997
271551798 481117100
393010787 494805406
47885548 829971258
497214327 809435026
40983792 577564915
951808947 693119840
663134137 378095182
317425046 532480952
463372100 493317338
886297547 579062771
328585521 361927621
954017198 220798298
328232473 527768738
417281666 321425007
857547341 928358623
529856004 129099138
261992075 922866790
476420897 162393976
752838046 973635223
824345356 646338191
551200136 628670655
191974383 66850625
6765835 509399429
599331576 322654288
855233120 485629122
901717058 36334994
847556742 708250608
257133291 28305567
88535698 674414956
349730574 946083039
455289931 879586577
75182175 717282006
802453365 404119425
732192335 407807763
377754646 556537689
906662307 781471135
37724696 98636688
848321759 44490530
460552470 447653334
219661171 168301943
785798809 973894582
204636936 485871903
682145189 461770226
514177470 770680886
136185180 863908043
569280277 591475110
743494618 496978805
161273468 398464335
901098229 893465803
658788451 131369227
302519844 565450756
912840361 340244540
516603797 761162119
237251423 829672621
61331805 309428948
997974563 847130613
283323528 202611497
185518868 817985070
664381722 699696337
441182309 653083255
563604378 10462584
97074717 159615348
507441389 258348185
410596036 261055970
4330340 69384485
392425197 159366537
487351594 305265556
499611076 3955390
918944028 589378853
686144364 980275832
898807800 684118925
679922797 34647680
739246775 865441665
852632750 256144849
417654354 293815057
909228103 981258732
156793994 6302818
993390433 664235382
117167356 403986468
925291352 121497695
325887306 170232901
280864232 813238900
475498456 632991661
669710643 246958837
222370512 355855005
79751021 121178310
892490283 759673818
8342344 631737056
477631835 860975093
887881904 895286188
7306502 649626359
729061272 164100495
655929176 574968058
828335877 773096532
978954525 606143581
747110580 157358183
776376481 27974810
970597082 104391289
513482825 640307723
351350125 735853336
848679081 431101146
709548000 741169362
43291316 717890343
225422770 373439504
431381788 965821027
121242044 438688289
615447384 850303316
602788783 123892913
277787726 283641012
749505798 109258603
889784592 496616376
266616785 518677425
377107540 237213866
475585068 890590364
730037942 826935192
478960052 578717022
110552690 41024404
172402736 6360359
611431100 250341860
379799862 42812886
216162885 501041906
481501174 684126623
203861574 84289956
808019535 481649299
220447321 410041685
590907901 110231912
906658060 857524685
481425690 136281952
94738549 957010757
879388669 677292845
636462302 210865074
108526219 599531345
251889477 280928954
605891704 863320577
531270813 985691565
758649816 599950052
486733469 92667343
284076673 690595042
29473652 944612561
24760693 249920972
354654244 615668593
212669237 113828656
473193277 694094927
102626962 420448179
503622036 982015630
97741022 992600691
192880702 58783594
592132035 297286533
339712548 50540091
13123462 723499714
36231654 771773277
323449764 375481477
864440619 460042790
66076517 893914270
404655349 90837210
143835241 611825946
559022156 356504477
725654602 32215431
903115757 828281563
305179964 259254146
662813545 255437339
251854835 855694247
314220933 696503223
5497132 506449834
747043313 18620593
229949546 783274967
790393869 405915664
11272796 654834487
865958453 77349312
401265109 123130155
20702875 545100349
734956100 432241385
754121180 313127054
316973169 657236935
141408615 622153132
916491080 656738514
730106825 20862268
364949113 44327756
717365490 370446244
403293943 316925156
389066836 633243488
100200121 179460703
39159150 111472916
686811543 757633957
41338581 88076651
880764111 914557811
485693353 615720209
199315548 239814531
928847263 516288716
749567820 922772231
138441847 518575252
432027097 721065025
539437519 796976209
617909134 109319362
167422451 21203075
426244517 556489286
506962916 378960991
588466343 398638420
342950260 275277884
156272375 236805194
215870888 37036484
3879357 701564241
505273046 203194904
941378771 286636661
719483620 543462943
61925245 710441820
62038194 493952341
284023197 453992066
143444903 901932330
563311427 310867353
923135404 842072297
719872993 282614672
73549640 308339334
681253091 416499899
436133571 837525465
505821447 652004459
727078302 509700803
353568698 84867701
565412061 147463821
224020715 137412033
690926764 285945959
847853852 605481311
632414654 131877047
59473375 775859556
886325730 475301156
86726907 661977486
317373451 659116253
944592157 390923091
967455586 625845247
659939343 256105510
315887064 165760788
908109968 895481720
527977945 114195018
980349420 93390004
261658838 56886487
230802036 805101955
342832446 931172241
410583264 975247099
915565641 322572993
603623007 801891369
797874148 542866267
316385207 115247597
201982519 260977362
358687041 21954457
739338962 18626383
278059966 55226025
36903524 38686286
803224098 564881468
152881303 636089870
510787825 414540141
692976356 741589860
72158448 35808800
525278453 482741712
863572252 440844092
805314704 319711611
95251813 455705204
862577878 411637019
423469154 64560395
525130735 782156195
939031206 264469695
653298931 69607525
172212073 542718808
108293810 975436170
107600275 261175113
464042392 470904453
675715253 157018747
65010666 747873700
45343900 590289118
83131764 761432506
31133209 740962821
81144115 978901376
196668023 943721992
243054748 620137177
860798740 768185482
254809724 652346299
32655175 760625008
721953823 57383602
303343814 830247632
885336125 263460442
91422743 349378516
734364895 619654349
358913616 799375560
220044402 404257515
242181030 303176165
18206373 125830592
44138985 99350488
104731967 93323361
895588833 347786714
565976891 608903926
115972194 820786614
261250223 1143722
433927974 983204045
911043678 737271788
665968029 796379802
853248583 757390772
998274671 440129830
229561473 357188285
92021742 449605874
613962153 334202772
752782039 632168526
460033363 649437377
731519013 564765329
595277091 479624198
765068396 161253981
88528122 733556943
834556948 202294698
587217019 268484921
38015095 498260695
858273062 703983124
147156849 711521643
313890248 145431518
4167826 543451720
355136156 96189567
993057594 969098309
430392338 598355985
453783187 890425701
100309714 37818552
307707382 695586804
517442749 72775777
856840784 605970871
806332719 543914085
808265568 246066090
812399005 846280663
744326785 523188419
402780139 743999987
87226414 716670386
741947859 91394239
260122104 97084013
187583806 105696050
918698675 617976143
704052034 224998214
508401842 804361747
262816765 816109224
499948550 780259514
741401354 209305686
238746737 400250425
753219770 47012303
646316515 418135127
745809319 243159652
941323545 1105810
987159638 28549958
717776195 729107495
119944196 977898299
678707862 160044355
83594347 449922889
778020498 640162735
674921103 138938692
444524480 937737867
955047915 796989383
570513733 548965621
6295068 809260469
949216046 612031191
708789126 595532559
882682672 307114797
838692210 676522569
308220607 678368200
557588880 25996800
259992048 530049430
856411452 938699909
690093784 792522153
241139150 468114280
432684886 768576606
607052972 729725719
558830826 414617239
526715101 129344557
963582860 385526522
938605026 765315258
850074066 499910504
213364169 732756736
807025300 52056377
261795658 115245905
582940930 819384537
141242705 842932977
349433965 850170510
634149238 39527748
642692661 875288388
360158381 927893900
496381346 819727706
657619618 55212170
86861298 36851071
37073081 50444156
274893946 975678106
668275767 124968010
328104962 881639935
710241100 135130260
786212665 972036757
102892519 369153593
791421292 96651577
64602923 993371611
946822086 698752160
885415712 442031100
426556900 98090445
369924998 922938246
917818151 880060969
978150415 4679447
916912039 15223494
907639957 44322337
843417953 575915722
169290347 24039267
310072009 879531446
159169527 96284672
704084555 262062045
317954618 348022199
358713621 382557540
341393808 158052059
81309699 79325872
600083158 507866598
177416317 970008156
283321196 95234466
702585477 113987964
99913912 472013869
129211457 860070222
516336205 825145764
288502296 685626551
849185030 598574304
417674349 860870910
694858975 121758902
122932953 12813591
322297455 334162927
247887485 663691262
492214986 329197183
743017134 92298142
689580134 920433450
914822651 972901330
868184269 469924481
86889292 820614534
941938349 68617102
680684754 458274552
746279219 969187049
996417457 447980602
420277705 266608158
308851510 115136678
240883414 284300817
980466623 563180868
470980097 80870460
79388482 963195082
410067642 822405615
908009578 99647775
595355417 675348581
925065458 316056038
145273060 11954748
136670570 939727762
933088204 669871677
250518667 679367422
491575078 246936122
127348022 911852782
513544279 288715885
879505813 754427692
425533055 712488789
170124912 896513152
793359248 249513394
712224586 55943243
71919007 472750516
8107371 519790778
615450 933172828
835846815 145888509
797643929 825033739
938132625 730732131
494905414 188651290
262615905 986480492
288103765 242480280
750849626 801648043
383712519 630355438
408592088 809245573
195360579 578716999
705758723 988719826
828230392 270499662
44663067 752665753
743250177 52770437
124972883 743865626
985943264 813336051
742270489 636103545
638369788 680403112
219352029 985791556
721570755 481967933
824788400 9674518
576964567 575638024
663838914 960677085
58509814 72431000
769922656 253870392
503664353 328197732
95106571 184411097
598697393 139769637
789593203 194463922
45056428 914566085
938329548 30999690
580418489 680600035
519619589 71304629
213519499 738971617
57096183 935090253
73455902 881884582
797281124 650420468
310038959 461120036
611097551 221065126
386067390 233536560
474935518 742248096
414250645 570042088
926659192 12948036
562328078 568768748
59928311 607384505
335851185 998257858
490900549 916269673
531374245 10520136
987574302 744893743
749491752 44670483
532500348 822947653
779071419 182297824
325884474 941626731
643417860 936982024
162691855 882001603
23034936 490143726
624249697 437285580
60185812 403425241
302749969 475030244
972193988 362678280
82414747 160561526
213452490 573315295
76831197 744826735
436351784 64405497
342236830 38359888
961592335 874737178
861307541 593180106
57035000 39708367
387323189 552969213
976690390 550015043
287487168 852241680
40158768 911736864
142043612 952860934
167678458 444793581
280407530 992388799
659988214 362822277
152950323 873440703
788653925 82297874
618267436 225005708
146703370 960504266
263365595 960812058
687757796 977189489
406508516 597309149
16897854 793831704
2794715 846104598
196363100 290281882
698346276 89038221
54535099 840389887
894415508 74729910
137699820 174823037
67118707 797688033
390161667 72585384
523645089 178815590
154883257 141912523
256337651 154102980
954933142 519703246
114915037 495207290
349409087 373939906
945032793 366306941
20287963 947827507
64927891 69167416
90625741 763274166
158205636 145160839
456180405 52621142
72407102 446396579
79960532 139525809
96600964 470122198
212111192 620246052
501454142 366994448
614674929 757791792
521097427 422124423
130011390 488528817
917331713 479420477
714985077 714880858
845727417 735273039
515224717 910655307
804440454 605850457
526445825 815162443
603527650 835142583
720299938 675934751
281539160 800260470
667976913 378140124
122899020 880088104
998386175 624353161
99598904 465577456
234661306 473212685
887701879 364672695
961741501 657549944
844093171 529242930
372430800 542336940
117032321 887655516
305508599 921472774
346022325 831954423
589151569 802066328
519613359 309451506
330517432 801152518
962228329 998494344
31808994 85127347
731098801 882711523
561996862 830697704
348288977 796658167
156426741 88507208
13847214 118168241
746057151 857940385
499927524 118487949
400277323 616959845
858659818 705785922
390948971 57198496
390256697 980100540
859264823 909870055
142068398 42298607
563538926 104296725
40792950 447864273
41940425 771891750
330575794 456453640
455105806 531381125
105628159 611532547
619888332 119475373
582217141 365945482
977415757 82144663
336949784 230209432
551620861 48125955
935995353 942569832
105324450 178768403
922670370 817105626
941154811 64738766
859404233 357210089
21551844 752713536
805074362 63492268
377121638 135650154
372462262 832227443
519547632 478090420
296276342 139435963
597565792 731009836
357897798 574981547
665670853 694847581
805190979 217291712
595489889 593702684
12377896 553330692
624987440 935048265
222952671 566142250
852303384 82356902
923352338 726371581
687586791 580943052
642380203 64708427
569109560 14842463
749452223 88657190
492932882 45728564
80609506 90498673
629254753 438507303
517996573 294925604
133354883 175703904
364733670 581361125
621922942 377111565
134691816 246910380
164676183 357644486
665568983 16979565
