16 2898 41416
1 1 2
3 5 6
15 28396 1079
14 13060 5644
11 1623 270
18 251530 200291
8 124 229
4 7 4
11 1446 1355
4 8 7
20 380978 669439
1 1 2
17 52632 11420
17 98823 62115
5 18 13
5 31 16
13 4123 2460
6 55 2
6 8 50
14 15445 10322
13 7457 4732
16 54982 3939
14 10313 3902
10 965 604
15 29046 19884
18 72261 224616
8 49 211
16 50750 26731
12 3121 1059
11 772 1669
3 4 3
12 1055 2804
10 536 517
3 2 6
11 468 652
19 263438 336891
12 3547 159
17 18976 30255
19 223031 499843
14 13691 15634
6 39 3
1 2 1
11 1830 1344
15 28271 482
20 168232 824020
18 23631 232334
10 21 469
6 34 15
11 520 893
3 1 2
10 312 142
3 7 1
15 18504 16944
12 2902 1325
9 20 337
19 489191 313960
14 12480 12103
11 1621 12
3 2 3
16 67 29634
8 232 136
1 2 1
16 53307 38476
20 531249 648578
8 208 50
15 2917 8777
20 999697 77734
9 508 337
4 3 2
20 657911 51831
17 72311 30515
16 45320 63806
4 1 8
8 100 156
6 32 34
5 29 10
6 47 61
15 29228 30717
12 2013 522
3 5 7
4 14 3
14 10059 12130
19 87756 119674
8 143 93
17 120004 66483
14 3955 4303
11 502 202
11 2007 701
8 113 99
17 121973 105207
14 5650 7599
16 52929 50321
16 47485 16194
11 1222 2014
6 21 40
10 749 815
2 1 2
7 77 58
20 828260 347443
9 346 177
14 10225 15491
12 883 3701
9 499 139
13 1973 3235
5 16 25
4 11 14
14 1199 934
17 93287 85792
15 28537 29754
5 20 31
7 55 118
18 87459 104052
10 199 867
16 63662 39185
13 1490 5451
6 8 27
10 235 462
11 608 554
7 2 66
10 460 653
16 3755 31489
8 155 199
15 30746 21048
5 18 6
7 127 122
16 1269 29955
7 94 53
16 12613 27855
10 723 923
18 10802 142043
6 14 54
13 3708 5475
9 123 294
15 23682 11906
17 30733 108393
20 637018 34936
19 258519 268881
10 803 838
18 64009 108606
16 57070 45227
1 1 2
8 237 231
6 28 25
17 81545 96861
9 45 375
2 2 4
1 2 1
20 274982 196938
17 106383 28377
16 28485 12471
20 362467 68875
16 9804 9801
20 844540 998523
5 16 11
17 49882 42162
14 13651 5299
5 22 15
17 39008 16740
12 1309 3508
6 36 50
13 412 534
6 63 2
5 20 10
2 1 3
7 42 78
1 2 1
1 2 1
20 613050 237744
13 2837 7811
2 1 4
20 797124 844066
3 6 2
11 872 1637
14 15555 930
12 193 715
19 458210 74534
18 150321 64654
19 328030 175943
19 417522 103240
16 22257 50086
13 633 5913
7 106 101
4 8 15
15 27222 18034
3 1 6
6 21 14
18 93910 45070
18 233758 257740
14 4761 5920
6 2 22
18 199748 176463
8 155 62
11 1588 462
11 1501 179
8 179 144
12 1620 508
10 77 7
2 4 3
2 4 3
6 29 43
15 27836 12684
16 1089 41269
6 48 18
3 2 8
15 6184 16496
10 294 236
20 784563 403890
20 389577 672410
3 1 2
16 56127 31527
6 42 22
5 10 6
5 31 23
18 27801 184787
12 2306 1836
10 814 314
2 4 2
9 88 70
16 15268 24302
19 346305 344403
17 51602 18253
16 46391 40690
15 25940 16754
19 458387 294232
15 9243 11356
13 6029 6493
9 512 403
18 157166 46042
12 2429 4055
3 7 3
4 16 2
16 16149 46167
4 8 5
10 342 228
10 79 14
3 6 5
15 11434 20071
3 6 1
7 76 81
15 28699 11005
12 441 86
14 15492 56
12 2803 2751
4 13 7
18 169293 152616
9 120 494
10 727 848
8 140 134
19 376383 407529
12 1558 1809
17 2617 75854
14 2203 3489
16 145 29797
7 89 4
11 398 795
17 66145 14459
20 368089 631843
16 51899 57215
19 363760 57493
11 700 331
12 3734 2361
18 186153 121878
9 409 160
9 508 309
7 71 35
4 3 4
7 11 50
14 3076 1917
7 57 26
19 144217 347537
15 26672 15880
12 3291 1842
10 506 827
14 9284 13806
5 21 24
16 9876 58404
5 21 26
2 4 1
4 6 11
5 20 3
9 245 34
2 4 3
16 20950 24783
3 2 5
1 2 1
6 57 18
17 56681 22134
15 7796 12326
4 3 11
3 7 1
3 5 8
5 30 15
4 13 6
5 17 31
14 8122 4447
12 3367 594
19 96367 88212
6 32 61
2 3 1
12 2906 3183
3 5 6
11 813 1282
2 3 4
17 68721 73722
14 3845 5056
5 21 32
10 652 479
5 24 23
9 366 346
18 166088 183730
7 16 116
18 150122 164380
19 306593 519013
7 27 74
3 2 1
19 82410 107473
17 125428 62641
4 5 16
6 9 4
7 82 20
5 27 14
7 96 16
15 25432 23072
17 60081 103753
7 48 125
5 7 1
11 826 1847
20 617987 140976
19 403727 205193
4 10 16
2 4 1
2 2 3
8 160 128
6 42 1
2 3 4
20 1011813 436265
7 8 18
4 14 11
10 230 794
7 90 118
16 25036 8444
2 1 3
16 59899 61217
6 14 19
16 7240 30538
12 3591 3109
9 36 162
4 4 9
20 40636 997580
18 6002 103788
15 13940 14043
18 236851 120882
5 3 28
15 18599 30165
18 157864 67317
5 29 9
18 117097 71218
17 61924 67235
9 62 167
5 6 25
4 13 11
15 14327 3564
15 25544 18846
5 30 22
7 114 80
4 15 12
5 26 1
2 3 4
11 270 1547
3 3 4
11 556 243
16 44120 12067
19 424780 115197
9 156 435
19 174357 249199
15 21300 32121
3 4 6
10 545 194
11 390 1105
8 68 54
3 2 8
5 31 20
11 1056 381
11 1211 1559
18 219795 222611
15 11632 3522
14 16261 13
13 6288 7006
18 158286 66248
13 938 7180
11 526 1830
20 25405 330181
15 12030 216
19 173159 416215
10 960 363
6 24 11
6 35 54
3 8 5
16 19874 54111
4 8 4
11 968 2030
20 252963 743536
16 40017 53214
12 1939 2683
19 302047 314240
7 68 124
11 1956 1195
15 25824 30691
18 197734 145376
13 5551 6292
19 354201 6222
16 27253 33587
18 54600 196686
14 13181 10072
6 28 56
17 63947 108495
12 861 3052
9 398 197
9 488 56
9 131 179
14 13881 7034
13 259 1978
17 63130 71774
15 23999 9823
19 227034 86658
9 386 268
8 179 215
4 7 2
18 226802 160713
14 11987 11226
6 60 27
6 6 22
11 1347 884
14 4362 4902
2 3 1
10 394 224
14 1939 5106
7 63 121
7 22 112
3 5 6
19 113648 451713
1 2 1
1 1 2
4 4 2
18 33323 55222
7 34 103
20 593973 663961
7 1 112
11 934 935
13 5143 6248
6 62 21
19 166144 288672
4 12 4
9 345 397
17 102084 86474
14 14389 2609
1 2 1
16 12682 7839
3 2 6
16 47020 60770
11 1737 870
13 610 3673
6 7 26
7 120 10
5 1 21
11 1150 521
14 5296 8495
2 1 2
14 7655 6882
7 11 28
6 45 17
3 2 5
11 1205 141
4 9 12
16 32323 17940
11 833 1706
12 189 705
16 57255 20353
8 178 132
7 22 40
12 3539 3723
20 384277 374062
3 8 7
4 3 6
20 165389 384299
19 263882 426530
15 26061 17656
3 6 4
11 1293 712
17 26585 2383
12 3841 3424
11 1600 116
1 2 1
3 3 2
7 27 24
17 97299 86801
7 2 58
17 44532 9539
17 119544 44256
2 2 1
10 23 807
3 1 6
17 60303 26316
9 317 505
5 16 21
12 465 898
10 17 594
15 27120 17251
15 17203 2169
5 13 8
11 1411 338
19 397456 151833
3 2 3
11 686 546
13 2103 2520
11 1218 2045
11 1013 821
5 31 15
19 497501 74503
4 9 5
6 35 59
12 2770 3873
17 916 65864
6 64 17
10 798 499
19 60381 450653
10 959 421
12 2388 2877
5 23 17
18 54663 137534
3 5 4
8 169 138
3 5 7
11 991 1434
12 2248 2339
17 93831 85807
18 198762 93764
4 3 15
14 8290 6294
4 1 16
15 16779 31265
4 11 16
12 3640 2691
3 1 2
13 2283 5963
2 1 2
19 312787 68123
5 18 15
15 6027 27760
4 7 1
16 46443 15542
17 67491 34188
9 400 249
15 4473 8132
2 3 1
20 71308 76102
9 124 34
17 86409 16016
19 218102 185058
6 50 51
15 31330 886
2 4 3
19 323398 116358
16 29039 62413
17 108826 20942
8 124 86
7 113 63
8 145 173
7 75 41
3 7 6
1 2 1
19 101279 32959
10 325 105
10 380 651
15 17278 31243
6 49 42
17 44921 54305
14 3806 8682
16 40762 21839
2 2 3
11 768 239
15 31413 30841
3 6 3
13 6133 5120
5 31 10
11 1805 1302
7 7 113
12 2930 2232
8 116 157
11 52 1351
19 146796 311208
1 2 1
17 15230 52195
13 3900 7591
5 25 30
16 51296 5853
9 453 342
15 28561 30505
17 49286 8277
11 926 1318
20 125870 625945
6 17 37
6 45 4
1 1 2
16 32546 5818
9 246 42
13 720 1155
14 9062 12910
11 1558 79
1 1 2
13 7793 4880
20 70444 222457
11 1921 320
20 675785 1041352
12 3990 2861
15 16933 24867
19 327223 350951
6 12 7
7 90 2
4 2 7
17 85551 53000
20 939694 589538
11 1144 1222
12 1809 2683
9 494 117
18 221076 60125
10 276 108
2 3 2
3 5 1
17 38212 40464
8 195 177
6 44 6
19 516483 225970
8 134 187
3 8 3
1 1 2
15 15067 12822
2 3 2
6 14 52
14 9659 1654
15 9997 15467
4 3 6
2 4 2
9 35 477
18 21165 124491
8 59 229
3 3 8
11 84 1311
13 4949 6746
4 8 1
8 31 143
13 4191 730
7 57 31
6 55 57
15 8801 8408
7 55 12
15 26032 2262
8 208 170
18 250186 47290
17 24806 88636
2 4 1
9 279 511
11 1161 54
2 1 4
14 8918 13841
